20180828062400.0,2.0,0.5761160254478455,0.21194198727607727,0.21194195747375488,0.5761160254478455
20180828062500.0,2.0,0.5761159062385559,0.21194206178188324,0.21194201707839966,0.5761159062385559
20180828062600.0,2.0,0.57611483335495,0.211942657828331,0.21194243431091309,0.57611483335495
20180828062700.0,2.0,0.5761150121688843,0.21194256842136383,0.2119424194097519,0.5761150121688843
20180828062800.0,2.0,0.5761120915412903,0.21194399893283844,0.21194392442703247,0.5761120915412903
20180828062900.0,2.0,0.5761083364486694,0.21194587647914886,0.2119458168745041,0.5761083364486694
20180828063000.0,2.0,0.576113224029541,0.21194331347942352,0.21194347739219666,0.576113224029541
20180828063100.0,2.0,0.5760995745658875,0.2119499146938324,0.21195048093795776,0.5760995745658875
20180828063200.0,2.0,0.576095700263977,0.21195121109485626,0.2119530886411667,0.576095700263977
20180828063300.0,2.0,0.5760970711708069,0.21195043623447418,0.21195243299007416,0.5760970711708069
20180828063400.0,2.0,0.576094925403595,0.2119511067867279,0.21195398271083832,0.576094925403595
20180828063500.0,2.0,0.5760900378227234,0.21195462346076965,0.21195536851882935,0.5760900378227234
20180828063600.0,2.0,0.5760974287986755,0.21195118129253387,0.211951345205307,0.5760974287986755
20180828063700.0,2.0,0.5760712623596191,0.21196629106998444,0.21196246147155762,0.5760712623596191
20180828063800.0,2.0,0.5760804414749146,0.21196436882019043,0.2119552344083786,0.5760804414749146
20180828063900.0,2.0,0.5760530829429626,0.21197199821472168,0.21197494864463806,0.5760530829429626
20180828064000.0,2.0,0.576070249080658,0.2119678258895874,0.21196198463439941,0.576070249080658
20180828064100.0,2.0,0.5760793089866638,0.2119651883840561,0.2119554728269577,0.5760793089866638
20180828064200.0,2.0,0.5760519504547119,0.21198131144046783,0.21196670830249786,0.5760519504547119
20180828064300.0,2.0,0.5760927200317383,0.21195374429225922,0.2119535207748413,0.5760927200317383
20180828064400.0,2.0,0.5759416818618774,0.212025448679924,0.21203286945819855,0.5759416818618774
20180828064500.0,2.0,0.5760259628295898,0.21198436617851257,0.2119896411895752,0.5760259628295898
20180828064600.0,2.0,0.575994610786438,0.21198546886444092,0.2120199352502823,0.575994610786438
20180828064700.0,2.0,0.5760108828544617,0.21197864413261414,0.2120104730129242,0.5760108828544617
20180828064800.0,2.0,0.5760313272476196,0.21196861565113068,0.21200010180473328,0.5760313272476196
20180828064900.0,2.0,0.5759920477867126,0.21197554469108582,0.21203236281871796,0.5759920477867126
20180828065000.0,2.0,0.5760509371757507,0.21196003258228302,0.21198901534080505,0.5760509371757507
20180828065100.0,2.0,0.5759953260421753,0.2119765281677246,0.2120281159877777,0.5759953260421753
20180828065200.0,2.0,0.5759585499763489,0.21198751032352448,0.21205390989780426,0.5759585499763489
20180828065300.0,2.0,0.5760082602500916,0.2119770348072052,0.21201470494270325,0.5760082602500916
20180828065400.0,2.0,0.5760887265205383,0.21195225417613983,0.21195894479751587,0.5760887265205383
20180828065500.0,2.0,0.5760095715522766,0.21197783946990967,0.2120126485824585,0.5760095715522766
20180828065600.0,2.0,0.5756991505622864,0.2120891511440277,0.2122116982936859,0.5756991505622864
20180828065700.0,2.0,0.5744300484657288,0.21238039433956146,0.2131894826889038,0.5744300484657288
20180828065800.0,2.0,0.5755406618118286,0.21212650835514069,0.21233278512954712,0.5755406618118286
20180828065900.0,2.0,0.5757657289505005,0.2120784968137741,0.21215583384037018,0.5757657289505005
20180828070000.0,2.0,0.5758461356163025,0.21209967136383057,0.21205419301986694,0.5758461356163025
20180828070100.0,2.0,0.5760084986686707,0.21199795603752136,0.2119935154914856,0.5760084986686707
20180828070200.0,2.0,0.575947642326355,0.21205060184001923,0.21200169622898102,0.575947642326355
20180828070300.0,2.0,0.5759676098823547,0.21203674376010895,0.21199561655521393,0.5759676098823547
20180828070400.0,2.0,0.5760823488235474,0.21195878088474274,0.2119588851928711,0.5760823488235474
20180828070500.0,2.0,0.5761102437973022,0.2119450718164444,0.21194468438625336,0.5761102437973022
20180828070600.0,2.0,0.5760268568992615,0.21198119223117828,0.21199187636375427,0.5760268568992615
20180828070700.0,2.0,0.5759342312812805,0.21202300488948822,0.21204277873039246,0.5759342312812805
20180828070800.0,2.0,0.5747441649436951,0.2128467857837677,0.21240901947021484,0.5747441649436951
20180828070900.0,2.0,0.5759130120277405,0.21207816898822784,0.21200883388519287,0.5759130120277405
20180828071000.0,2.0,0.5759150981903076,0.2120738923549652,0.21201105415821075,0.5759150981903076
20180828071100.0,2.0,0.5759642124176025,0.21205873787403107,0.21197709441184998,0.5759642124176025
20180828071200.0,2.0,0.5759825706481934,0.2120429128408432,0.21197447180747986,0.5759825706481934
20180828071300.0,2.0,0.5760611891746521,0.21198202669620514,0.21195675432682037,0.5760611891746521
20180828071400.0,2.0,0.5760509967803955,0.2119893878698349,0.21195966005325317,0.5760509967803955
20180828071500.0,2.0,0.5757651329040527,0.21220967173576355,0.2120252251625061,0.5757651329040527
20180828071600.0,2.0,0.5752913355827332,0.21255916357040405,0.2121494561433792,0.5752913355827332
20180828071700.0,2.0,0.5747870802879333,0.21292373538017273,0.2122892439365387,0.5747870802879333
20180828071800.0,2.0,0.5671042799949646,0.2188188135623932,0.2140769064426422,0.5671042799949646
20180828071900.0,2.0,0.5587095618247986,0.2248615026473999,0.2164289653301239,0.5587095618247986
20180828072000.0,2.0,0.5577043294906616,0.22613798081874847,0.2161577194929123,0.5577043294906616
20180828072100.0,2.0,0.47155627608299255,0.299125075340271,0.22931864857673645,0.47155627608299255
20180828072200.0,0.0,0.5116807818412781,0.5116807818412781,0.2292434573173523,0.25907573103904724
20180828072300.0,0.0,0.5023485422134399,0.5023485422134399,0.23789842426776886,0.25975301861763
20180828072400.0,0.0,0.49799853563308716,0.49799853563308716,0.22872832417488098,0.2732731103897095
20180828072500.0,2.0,0.5325390100479126,0.2462387979030609,0.2212221771478653,0.5325390100479126
20180828072600.0,2.0,0.423686146736145,0.34392645955085754,0.23238740861415863,0.423686146736145
20180828072700.0,2.0,0.4702366590499878,0.30122295022010803,0.2285403460264206,0.4702366590499878
20180828072800.0,2.0,0.5150018334388733,0.2619648277759552,0.22303339838981628,0.5150018334388733
20180828072900.0,2.0,0.5236406922340393,0.25465667247772217,0.22170254588127136,0.5236406922340393
20180828073000.0,2.0,0.42772266268730164,0.34049496054649353,0.23178239166736603,0.42772266268730164
20180828073100.0,2.0,0.5162720680236816,0.2608758807182312,0.22285208106040955,0.5162720680236816
20180828073200.0,2.0,0.4829421043395996,0.28987768292427063,0.22718016803264618,0.4829421043395996
20180828073300.0,2.0,0.5364301800727844,0.24399210512638092,0.21957774460315704,0.5364301800727844
20180828073400.0,2.0,0.5392946600914001,0.24162529408931732,0.21908003091812134,0.5392946600914001
20180828073500.0,0.0,0.5524072051048279,0.5524072051048279,0.21686460077762604,0.23072820901870728
20180828073600.0,0.0,0.5376831889152527,0.5376831889152527,0.2197767198085785,0.24254010617733002
20180828073700.0,0.0,0.5319464206695557,0.5319464206695557,0.23187412321567535,0.23617945611476898
20180828073800.0,0.0,0.5556196570396423,0.5556196570396423,0.22436712682247162,0.22001329064369202
20180828073900.0,0.0,0.48234468698501587,0.48234468698501587,0.27923527359962463,0.23842009902000427
20180828074000.0,0.0,0.5304333567619324,0.5304333567619324,0.23943473398685455,0.23013198375701904
20180828074100.0,0.0,0.5580044984817505,0.5580044984817505,0.22323346138000488,0.21876205503940582
20180828074200.0,0.0,0.5480865836143494,0.5480865836143494,0.2186664491891861,0.23324692249298096
20180828074300.0,0.0,0.5612381100654602,0.5612381100654602,0.21660462021827698,0.22215722501277924
20180828074400.0,0.0,0.5710617303848267,0.5710617303848267,0.21403628587722778,0.21490192413330078
20180828074500.0,0.0,0.5599606037139893,0.5599606037139893,0.2208293229341507,0.21921007335186005
20180828074600.0,0.0,0.5508867502212524,0.5508867502212524,0.22594387829303741,0.22316935658454895
20180828074700.0,0.0,0.5674920082092285,0.5674920082092285,0.21602517366409302,0.2164827436208725
20180828074800.0,0.0,0.5697309374809265,0.5697309374809265,0.21432632207870483,0.21594278514385223
20180828074900.0,0.0,0.5603796243667603,0.5603796243667603,0.21613489091396332,0.22348546981811523
20180828075000.0,0.0,0.5720119476318359,0.5720119476318359,0.21353192627429962,0.21445603668689728
20180828075100.0,0.0,0.5735905766487122,0.5735905766487122,0.2131708860397339,0.21323850750923157
20180828075200.0,0.0,0.5720884203910828,0.5720884203910828,0.21336175501346588,0.21454980969429016
20180828075300.0,0.0,0.5725175738334656,0.5725175738334656,0.21318340301513672,0.2142990082502365
20180828075400.0,0.0,0.5729249715805054,0.5729249715805054,0.21295829117298126,0.2141166776418686
20180828075500.0,0.0,0.5706721544265747,0.5706721544265747,0.21338993310928345,0.21593794226646423
20180828075600.0,0.0,0.5642173290252686,0.5642173290252686,0.2148498296737671,0.22093285620212555
20180828075700.0,0.0,0.570793092250824,0.570793092250824,0.21341203153133392,0.2157948762178421
20180828075800.0,0.0,0.572448194026947,0.572448194026947,0.2129996120929718,0.2145521640777588
20180828075900.0,0.0,0.5728650093078613,0.5728650093078613,0.21284444630146027,0.2142905592918396
20180828080000.0,0.0,0.5725659132003784,0.5725659132003784,0.21299712359905243,0.21443693339824677
20180828080100.0,0.0,0.5724266767501831,0.5724266767501831,0.213033527135849,0.21453985571861267
20180828080200.0,0.0,0.5742624402046204,0.5742624402046204,0.21267734467983246,0.21306024491786957
20180828080300.0,0.0,0.5720928311347961,0.5720928311347961,0.21314971148967743,0.21475748717784882
20180828080400.0,0.0,0.5711256265640259,0.5711256265640259,0.21321676671504974,0.21565762162208557
20180828080500.0,0.0,0.5725244879722595,0.5725244879722595,0.2129589468240738,0.21451659500598907
20180828080600.0,0.0,0.5726011991500854,0.5726011991500854,0.21294428408145905,0.21445447206497192
20180828080700.0,0.0,0.572600245475769,0.572600245475769,0.2129504680633545,0.21444924175739288
20180828080800.0,0.0,0.5722032189369202,0.5722032189369202,0.21307747066020966,0.21471934020519257
20180828080900.0,0.0,0.5742120742797852,0.5742120742797852,0.21262764930725098,0.21316026151180267
20180828081000.0,0.0,0.5690402984619141,0.5690402984619141,0.21391187608242035,0.21704784035682678
20180828081100.0,0.0,0.5700854063034058,0.5700854063034058,0.2135743945837021,0.21634013950824738
20180828081200.0,0.0,0.5710722208023071,0.5710722208023071,0.2133667767047882,0.21556098759174347
20180828081300.0,0.0,0.5685910582542419,0.5685910582542419,0.21394415199756622,0.2174648642539978
20180828081400.0,0.0,0.5641255378723145,0.5641255378723145,0.21476565301418304,0.2211088091135025
20180828081500.0,0.0,0.5614446997642517,0.5614446997642517,0.21523357927799225,0.22332166135311127
20180828081600.0,0.0,0.49074432253837585,0.49074432253837585,0.2270631343126297,0.28219252824783325
20180828081700.0,0.0,0.534709632396698,0.534709632396698,0.22031347453594208,0.24497687816619873
20180828081800.0,2.0,0.4015543758869171,0.3652714192867279,0.23317423462867737,0.4015543758869171
20180828081900.0,0.0,0.4998595416545868,0.4998595416545868,0.2256242036819458,0.274516224861145
20180828082000.0,0.0,0.4482298493385315,0.4482298493385315,0.23086297512054443,0.3209071755409241
20180828082100.0,2.0,0.4364076554775238,0.33198100328445435,0.23161135613918304,0.4364076554775238
20180828082200.0,2.0,0.38801372051239014,0.37878894805908203,0.2331973761320114,0.38801372051239014
20180828082300.0,0.0,0.4369446337223053,0.4369446337223053,0.2315574437379837,0.3314979076385498
20180828082400.0,0.0,0.4071946144104004,0.4071946144104004,0.2328311651945114,0.359974205493927
20180828082500.0,2.0,0.5137290954589844,0.26295092701911926,0.22331999242305756,0.5137290954589844
20180828082600.0,2.0,0.4621492028236389,0.3082655072212219,0.22958527505397797,0.4621492028236389
20180828082700.0,0.0,0.4960462152957916,0.4960462152957916,0.22605279088020325,0.2779009938240051
20180828082800.0,2.0,0.4189302921295166,0.34869804978370667,0.2323717325925827,0.4189302921295166
20180828082900.0,2.0,0.5177400708198547,0.2595338523387909,0.22272612154483795,0.5177400708198547
20180828083000.0,2.0,0.38363975286483765,0.3831055164337158,0.23325470089912415,0.38363975286483765
20180828083100.0,2.0,0.48563316464424133,0.28729045391082764,0.22707629203796387,0.48563316464424133
20180828083200.0,2.0,0.5521969199180603,0.2309851050376892,0.21681798994541168,0.5521969199180603
20180828083300.0,2.0,0.4852200746536255,0.2877626121044159,0.22701728343963623,0.4852200746536255
20180828083400.0,2.0,0.545173168182373,0.23670072853565216,0.2181260883808136,0.545173168182373
20180828083500.0,2.0,0.5060644149780273,0.26946648955345154,0.22446906566619873,0.5060644149780273
20180828083600.0,2.0,0.5398866534233093,0.2409815788269043,0.21913175284862518,0.5398866534233093
20180828083700.0,2.0,0.4871343970298767,0.2860875725746155,0.22677810490131378,0.4871343970298767
20180828083800.0,2.0,0.5413095355033875,0.2398839145898819,0.21880656480789185,0.5413095355033875
20180828083900.0,2.0,0.5649359226226807,0.22076551616191864,0.2142985612154007,0.5649359226226807
20180828084000.0,2.0,0.5617408752441406,0.2232711911201477,0.21498796343803406,0.5617408752441406
20180828084100.0,2.0,0.5177024602890015,0.25964924693107605,0.22264836728572845,0.5177024602890015
20180828084200.0,2.0,0.5526347160339355,0.23064003884792328,0.21672530472278595,0.5526347160339355
20180828084300.0,2.0,0.5312469601631165,0.24822597205638885,0.22052709758281708,0.5312469601631165
20180828084400.0,2.0,0.4607630968093872,0.3096619248390198,0.22957496345043182,0.4607630968093872
20180828084500.0,2.0,0.4655533730983734,0.30507785081863403,0.22936873137950897,0.4655533730983734
20180828084600.0,2.0,0.4051967263221741,0.36166614294052124,0.2331370860338211,0.4051967263221741
20180828084700.0,2.0,0.4585243761539459,0.3116225004196167,0.22985312342643738,0.4585243761539459
20180828084800.0,2.0,0.5081815123558044,0.2676908075809479,0.2241276353597641,0.5081815123558044
20180828084900.0,2.0,0.5455197095870972,0.23640099167823792,0.21807928383350372,0.5455197095870972
20180828085000.0,2.0,0.5320481657981873,0.24752682447433472,0.22042496502399445,0.5320481657981873
20180828085100.0,2.0,0.5589190721511841,0.2255529910326004,0.21552792191505432,0.5589190721511841
20180828085200.0,2.0,0.5706256031990051,0.2162545919418335,0.21311984956264496,0.5706256031990051
20180828085300.0,2.0,0.5744674205780029,0.21321919560432434,0.21231332421302795,0.5744674205780029
20180828085400.0,2.0,0.5722764730453491,0.21493791043758392,0.21278564631938934,0.5722764730453491
20180828085500.0,2.0,0.5636094212532043,0.22180265188217163,0.21458786725997925,0.5636094212532043
20180828085600.0,2.0,0.5746558904647827,0.21308055520057678,0.2122635841369629,0.5746558904647827
20180828085700.0,2.0,0.5719883441925049,0.21517235040664673,0.21283937990665436,0.5719883441925049
20180828085800.0,2.0,0.5740094184875488,0.2135828137397766,0.21240773797035217,0.5740094184875488
20180828085900.0,2.0,0.565414547920227,0.2203667014837265,0.21421878039836884,0.565414547920227
20180828090000.0,2.0,0.4969704747200012,0.2775076925754547,0.22552186250686646,0.4969704747200012
20180828090100.0,2.0,0.553894579410553,0.22967049479484558,0.21643494069576263,0.553894579410553
20180828090200.0,2.0,0.5143016576766968,0.2625735104084015,0.22312480211257935,0.5143016576766968
20180828090300.0,2.0,0.5443108677864075,0.2374105453491211,0.21827861666679382,0.5443108677864075
20180828090400.0,2.0,0.5383482575416565,0.24238458275794983,0.21926721930503845,0.5383482575416565
20180828090500.0,2.0,0.543697714805603,0.23796573281288147,0.21833647787570953,0.543697714805603
20180828090600.0,2.0,0.537714421749115,0.2429209202528,0.21936467289924622,0.537714421749115
20180828090700.0,0.0,0.3898944556713104,0.3898944556713104,0.2329288274049759,0.3771767318248749
20180828090800.0,2.0,0.5734829306602478,0.21401311457157135,0.21250395476818085,0.5734829306602478
20180828090900.0,2.0,0.5761110186576843,0.2119453400373459,0.2119436264038086,0.5761110186576843
20180828091000.0,2.0,0.5761149525642395,0.2119426727294922,0.2119423747062683,0.5761149525642395
20180828091100.0,2.0,0.5761165022850037,0.21194179356098175,0.21194173395633698,0.5761165022850037
20180828091200.0,2.0,0.5761151313781738,0.21194258332252502,0.21194227039813995,0.5761151313781738
20180828091300.0,2.0,0.5761151909828186,0.21194256842136383,0.21194219589233398,0.5761151909828186
20180828091400.0,2.0,0.5761146545410156,0.21194280683994293,0.21194252371788025,0.5761146545410156
20180828091500.0,2.0,0.5761154294013977,0.21194243431091309,0.2119421809911728,0.5761154294013977
20180828091600.0,2.0,0.5761157870292664,0.2119421660900116,0.21194201707839966,0.5761157870292664
20180828091700.0,2.0,0.5761146545410156,0.21194283664226532,0.21194250881671906,0.5761146545410156
20180828091800.0,2.0,0.5761154294013977,0.2119424194097519,0.2119421809911728,0.5761154294013977
20180828091900.0,2.0,0.5761157274246216,0.2119421362876892,0.21194209158420563,0.5761157274246216
20180828092000.0,2.0,0.5761156678199768,0.2119421809911728,0.21194209158420563,0.5761156678199768
20180828092100.0,2.0,0.576116144657135,0.2119419276714325,0.21194186806678772,0.576116144657135
20180828092200.0,2.0,0.5761166214942932,0.2119417041540146,0.2119416743516922,0.5761166214942932
20180828092300.0,2.0,0.5761168003082275,0.21194159984588623,0.21194159984588623,0.5761168003082275
20180828092400.0,2.0,0.5761156678199768,0.21194227039813995,0.21194206178188324,0.5761156678199768
20180828092500.0,2.0,0.5761153101921082,0.21194249391555786,0.21194219589233398,0.5761153101921082
20180828092600.0,2.0,0.5761138200759888,0.211943581700325,0.21194259822368622,0.5761138200759888
20180828092700.0,2.0,0.5761110782623291,0.21194545924663544,0.21194346249103546,0.5761110782623291
20180828092800.0,2.0,0.5761155486106873,0.21194233000278473,0.2119421660900116,0.5761155486106873
20180828092900.0,2.0,0.5761099457740784,0.21194595098495483,0.2119441032409668,0.5761099457740784
20180828093000.0,2.0,0.576113760471344,0.2119433879852295,0.2119428962469101,0.576113760471344
20180828093100.0,2.0,0.5761127471923828,0.21194401383399963,0.21194325387477875,0.5761127471923828
20180828093200.0,2.0,0.5761144757270813,0.2119428962469101,0.2119426280260086,0.5761144757270813
20180828093300.0,2.0,0.5761120319366455,0.21194402873516083,0.21194390952587128,0.5761120319366455
20180828093400.0,2.0,0.5761005878448486,0.21195034682750702,0.21194906532764435,0.5761005878448486
20180828093500.0,2.0,0.5761033296585083,0.21194902062416077,0.21194761991500854,0.5761033296585083
20180828093600.0,2.0,0.5761050581932068,0.211947500705719,0.2119474858045578,0.5761050581932068
20180828093700.0,2.0,0.5760951042175293,0.2119515985250473,0.2119533121585846,0.5760951042175293
20180828093800.0,2.0,0.5760735869407654,0.21195954084396362,0.2119668573141098,0.5760735869407654
20180828093900.0,2.0,0.5760626196861267,0.21196073293685913,0.21197660267353058,0.5760626196861267
20180828094000.0,2.0,0.576092541217804,0.21195045113563538,0.21195699274539948,0.576092541217804
20180828094100.0,2.0,0.5760629773139954,0.21196071803569794,0.21197634935379028,0.5760629773139954
20180828094200.0,2.0,0.5760887265205383,0.21195325255393982,0.21195797622203827,0.5760887265205383
20180828094300.0,2.0,0.5760102868080139,0.211979940533638,0.21200980246067047,0.5760102868080139
20180828094400.0,2.0,0.5760035514831543,0.21197697520256042,0.21201951801776886,0.5760035514831543
20180828094500.0,2.0,0.5759935975074768,0.21198271214962006,0.21202367544174194,0.5759935975074768
20180828094600.0,2.0,0.5759833455085754,0.21198663115501404,0.21202996373176575,0.5759833455085754
20180828094700.0,2.0,0.5760531425476074,0.2119661271572113,0.21198073029518127,0.5760531425476074
20180828094800.0,2.0,0.5760881900787354,0.21195410192012787,0.21195769309997559,0.5760881900787354
20180828094900.0,2.0,0.576095461845398,0.21195191144943237,0.2119525671005249,0.576095461845398
20180828095000.0,2.0,0.5760860443115234,0.21195444464683533,0.211959570646286,0.5760860443115234
20180828095100.0,2.0,0.5761063694953918,0.2119462937116623,0.2119472771883011,0.5761063694953918
20180828095200.0,2.0,0.5761028528213501,0.2119481861591339,0.21194902062416077,0.5761028528213501
20180828095300.0,2.0,0.5761065483093262,0.2119472771883011,0.21194617450237274,0.5761065483093262
20180828095400.0,2.0,0.5761036276817322,0.2119498997926712,0.211946502327919,0.5761036276817322
20180828095500.0,2.0,0.5761122107505798,0.21194452047348022,0.21194328367710114,0.5761122107505798
20180828095600.0,2.0,0.5761069059371948,0.2119484692811966,0.21194463968276978,0.5761069059371948
20180828095700.0,2.0,0.5761145353317261,0.21194298565387726,0.21194250881671906,0.5761145353317261
20180828095800.0,2.0,0.5761134028434753,0.21194373071193695,0.2119428962469101,0.5761134028434753
20180828095900.0,2.0,0.5761104822158813,0.21194547414779663,0.21194399893283844,0.5761104822158813
20180828100000.0,2.0,0.5761138796806335,0.2119433581829071,0.21194276213645935,0.5761138796806335
20180828100100.0,2.0,0.5761123299598694,0.21194447576999664,0.21194323897361755,0.5761123299598694
20180828100200.0,2.0,0.5761139392852783,0.21194320917129517,0.2119428813457489,0.5761139392852783
20180828100300.0,2.0,0.5761133432388306,0.21194347739219666,0.21194322407245636,0.5761133432388306
20180828100400.0,2.0,0.5761017799377441,0.2119489312171936,0.2119492143392563,0.5761017799377441
20180828100500.0,2.0,0.5761125087738037,0.2119438499212265,0.21194371581077576,0.5761125087738037
20180828100600.0,2.0,0.576114296913147,0.2119431048631668,0.211942657828331,0.576114296913147
20180828100700.0,2.0,0.5761129260063171,0.21194370090961456,0.21194340288639069,0.5761129260063171
20180828100800.0,2.0,0.5761095881462097,0.2119455337524414,0.21194495260715485,0.5761095881462097
20180828100900.0,2.0,0.5761139392852783,0.21194320917129517,0.2119428813457489,0.5761139392852783
20180828101000.0,2.0,0.576111376285553,0.2119448035955429,0.2119438350200653,0.576111376285553
20180828101100.0,2.0,0.576115071773529,0.21194258332252502,0.21194231510162354,0.576115071773529
20180828101200.0,2.0,0.5761150121688843,0.21194268763065338,0.21194231510162354,0.5761150121688843
20180828101300.0,2.0,0.576115071773529,0.21194259822368622,0.21194228529930115,0.576115071773529
20180828101400.0,2.0,0.5761147141456604,0.21194282174110413,0.2119423896074295,0.5761147141456604
20180828101500.0,2.0,0.5761153101921082,0.21194247901439667,0.2119421362876892,0.5761153101921082
20180828101600.0,2.0,0.5761145353317261,0.21194294095039368,0.21194253861904144,0.5761145353317261
20180828101700.0,2.0,0.5761151909828186,0.21194258332252502,0.21194224059581757,0.5761151909828186
20180828101800.0,2.0,0.5761109590530396,0.21194535493850708,0.2119436264038086,0.5761109590530396
20180828101900.0,2.0,0.5761097073554993,0.21194657683372498,0.21194367110729218,0.5761097073554993
20180828102000.0,2.0,0.5761140584945679,0.2119433879852295,0.21194249391555786,0.5761140584945679
20180828102100.0,2.0,0.5761135816574097,0.21194380521774292,0.2119426429271698,0.5761135816574097
20180828102200.0,2.0,0.5761135816574097,0.2119435966014862,0.21194276213645935,0.5761135816574097
20180828102300.0,2.0,0.5761122107505798,0.21194447576999664,0.21194329857826233,0.5761122107505798
20180828102400.0,2.0,0.5761151909828186,0.21194259822368622,0.21194221079349518,0.5761151909828186
20180828102500.0,2.0,0.5761092305183411,0.21194671094417572,0.211944118142128,0.5761092305183411
20180828102600.0,2.0,0.5761016011238098,0.21195156872272491,0.21194684505462646,0.5761016011238098
20180828102700.0,2.0,0.5761120915412903,0.21194443106651306,0.21194349229335785,0.5761120915412903
20180828102800.0,2.0,0.5761129856109619,0.21194367110729218,0.21194340288639069,0.5761129856109619
20180828102900.0,2.0,0.5761151313781738,0.21194256842136383,0.21194228529930115,0.5761151313781738
20180828103000.0,2.0,0.5761136412620544,0.21194325387477875,0.2119431048631668,0.5761136412620544
20180828103100.0,2.0,0.5761091709136963,0.211945042014122,0.2119458168745041,0.5761091709136963
20180828103200.0,2.0,0.5761110782623291,0.21194401383399963,0.21194490790367126,0.5761110782623291
20180828103300.0,2.0,0.5761138796806335,0.21194301545619965,0.211943119764328,0.5761138796806335
20180828103400.0,2.0,0.5761122107505798,0.21194398403167725,0.21194379031658173,0.5761122107505798
20180828103500.0,2.0,0.5760494470596313,0.2119659185409546,0.21198466420173645,0.5760494470596313
20180828103600.0,2.0,0.5760993361473083,0.21194861829280853,0.21195198595523834,0.5760993361473083
20180828103700.0,2.0,0.5761054158210754,0.21194706857204437,0.2119474858045578,0.5761054158210754
20180828103800.0,2.0,0.5761063694953918,0.21194687485694885,0.21194668114185333,0.5761063694953918
20180828103900.0,2.0,0.5761145353317261,0.21194294095039368,0.21194253861904144,0.5761145353317261
20180828104000.0,2.0,0.5761127471923828,0.2119438648223877,0.2119433879852295,0.5761127471923828
20180828104100.0,2.0,0.5761018991470337,0.21194858849048615,0.21194951236248016,0.5761018991470337
20180828104200.0,2.0,0.5760778784751892,0.21196101605892181,0.2119610756635666,0.5760778784751892
20180828104300.0,2.0,0.5761091113090515,0.21194559335708618,0.21194538474082947,0.5761091113090515
20180828104400.0,2.0,0.5761099457740784,0.2119453400373459,0.21194471418857574,0.5761099457740784
20180828104500.0,2.0,0.5760656595230103,0.21196596324443817,0.21196843683719635,0.5760656595230103
20180828104600.0,2.0,0.5760807394981384,0.21196070313453674,0.21195851266384125,0.5760807394981384
20180828104700.0,2.0,0.5760679841041565,0.21196743845939636,0.21196460723876953,0.5760679841041565
20180828104800.0,2.0,0.5761075615882874,0.21194598078727722,0.21194641292095184,0.5761075615882874
20180828104900.0,2.0,0.5761063098907471,0.2119469791650772,0.21194672584533691,0.5761063098907471
20180828105000.0,2.0,0.5760831832885742,0.21195821464061737,0.21195854246616364,0.5760831832885742
20180828105100.0,2.0,0.5760959386825562,0.21195173263549805,0.2119523584842682,0.5760959386825562
20180828105200.0,2.0,0.5761033892631531,0.21194730699062347,0.21194928884506226,0.5761033892631531
20180828105300.0,2.0,0.5761127471923828,0.21194376051425934,0.21194344758987427,0.5761127471923828
20180828105400.0,2.0,0.5761088132858276,0.21194620430469513,0.21194499731063843,0.5761088132858276
20180828105500.0,2.0,0.576092541217804,0.21195435523986816,0.2119530588388443,0.576092541217804
20180828105600.0,2.0,0.576108992099762,0.21194545924663544,0.21194548904895782,0.576108992099762
20180828105700.0,2.0,0.5761138796806335,0.2119431346654892,0.21194300055503845,0.5761138796806335
20180828105800.0,2.0,0.5761122107505798,0.2119440883398056,0.21194370090961456,0.5761122107505798
20180828105900.0,2.0,0.5761119723320007,0.21194420754909515,0.2119438350200653,0.5761119723320007
20180828110000.0,2.0,0.576093316078186,0.21195581555366516,0.21195088326931,0.576093316078186
20180828110100.0,2.0,0.576111912727356,0.21194389462471008,0.21194413304328918,0.576111912727356
20180828110200.0,2.0,0.5761139392852783,0.21194306015968323,0.21194297075271606,0.5761139392852783
20180828110300.0,2.0,0.5761147141456604,0.21194253861904144,0.21194268763065338,0.5761147141456604
20180828110400.0,2.0,0.5761005282402039,0.21195022761821747,0.21194927394390106,0.5761005282402039
20180828110500.0,2.0,0.5761064887046814,0.21194566786289215,0.21194782853126526,0.5761064887046814
20180828110600.0,2.0,0.576112687587738,0.21194322407245636,0.2119440734386444,0.576112687587738
20180828110700.0,2.0,0.5761153697967529,0.21194221079349518,0.2119423896074295,0.5761153697967529
20180828110800.0,2.0,0.5761151909828186,0.21194225549697876,0.21194247901439667,0.5761151909828186
20180828110900.0,2.0,0.5760775208473206,0.21195748448371887,0.21196503937244415,0.5760775208473206
20180828111000.0,2.0,0.5761120319366455,0.21194365620613098,0.21194438636302948,0.5761120319366455
20180828111100.0,2.0,0.5761160254478455,0.21194195747375488,0.21194197237491608,0.5761160254478455
20180828111200.0,2.0,0.5761160254478455,0.21194195747375488,0.21194203197956085,0.5761160254478455
20180828111300.0,2.0,0.5760722756385803,0.21196052432060242,0.21196722984313965,0.5760722756385803
20180828111400.0,2.0,0.5761078000068665,0.21194526553153992,0.21194694936275482,0.5761078000068665
20180828111500.0,2.0,0.5761126279830933,0.21194347739219666,0.21194392442703247,0.5761126279830933
20180828111600.0,2.0,0.5761154294013977,0.21194224059581757,0.21194231510162354,0.5761154294013977
20180828111700.0,2.0,0.5761147737503052,0.21194246411323547,0.21194273233413696,0.5761147737503052
20180828111800.0,2.0,0.5761043429374695,0.21194706857204437,0.21194857358932495,0.5761043429374695
20180828111900.0,2.0,0.57610684633255,0.2119457870721817,0.21194738149642944,0.57610684633255
20180828112000.0,2.0,0.5761151313781738,0.2119423896074295,0.21194246411323547,0.5761151313781738
20180828112100.0,2.0,0.5761151313781738,0.21194235980510712,0.21194249391555786,0.5761151313781738
20180828112200.0,2.0,0.5760998725891113,0.21194925904273987,0.2119508981704712,0.5760998725891113
20180828112300.0,2.0,0.5761138796806335,0.21194292604923248,0.21194320917129517,0.5761138796806335
20180828112400.0,2.0,0.5761151909828186,0.21194224059581757,0.21194250881671906,0.5761151909828186
20180828112500.0,2.0,0.5761151909828186,0.21194228529930115,0.21194255352020264,0.5761151909828186
20180828112600.0,2.0,0.5761158466339111,0.21194206178188324,0.21194209158420563,0.5761158466339111
20180828112700.0,2.0,0.5761140584945679,0.2119428515434265,0.211943119764328,0.5761140584945679
20180828112800.0,2.0,0.5761154294013977,0.21194228529930115,0.21194234490394592,0.5761154294013977
20180828112900.0,2.0,0.576115608215332,0.2119421362876892,0.21194222569465637,0.576115608215332
20180828113000.0,2.0,0.5761146545410156,0.21194256842136383,0.21194276213645935,0.5761146545410156
20180828113100.0,2.0,0.5761017203330994,0.21194732189178467,0.21195092797279358,0.5761017203330994
20180828113200.0,2.0,0.5761129856109619,0.21194341778755188,0.2119436264038086,0.5761129856109619
20180828113300.0,2.0,0.5761138200759888,0.21194297075271606,0.21194326877593994,0.5761138200759888
20180828113400.0,2.0,0.576115071773529,0.2119424194097519,0.21194252371788025,0.576115071773529
20180828113500.0,2.0,0.576113224029541,0.2119433730840683,0.21194347739219666,0.576113224029541
20180828113600.0,2.0,0.576113224029541,0.21194328367710114,0.21194349229335785,0.576113224029541
20180828113700.0,2.0,0.5761140584945679,0.2119428962469101,0.21194306015968323,0.5761140584945679
20180828113800.0,2.0,0.5761154890060425,0.21194224059581757,0.21194228529930115,0.5761154890060425
20180828113900.0,2.0,0.5761159062385559,0.21194206178188324,0.21194207668304443,0.5761159062385559
20180828114000.0,2.0,0.5761160254478455,0.21194197237491608,0.2119419276714325,0.5761160254478455
20180828114100.0,2.0,0.5761151909828186,0.21194228529930115,0.21194255352020264,0.5761151909828186
20180828114200.0,2.0,0.5761153101921082,0.21194233000278473,0.2119423747062683,0.5761153101921082
20180828114300.0,2.0,0.57611483335495,0.21194249391555786,0.2119426727294922,0.57611483335495
20180828114400.0,2.0,0.5761154294013977,0.21194230020046234,0.21194224059581757,0.5761154294013977
20180828114500.0,2.0,0.5761138796806335,0.2119428962469101,0.21194323897361755,0.5761138796806335
20180828114600.0,2.0,0.5761132836341858,0.211943119764328,0.21194356679916382,0.5761132836341858
20180828114700.0,2.0,0.5761155486106873,0.21194224059581757,0.21194225549697876,0.5761155486106873
20180828114800.0,2.0,0.5761149525642395,0.21194256842136383,0.21194252371788025,0.5761149525642395
20180828114900.0,2.0,0.5761153101921082,0.21194235980510712,0.21194227039813995,0.5761153101921082
20180828115000.0,2.0,0.5761138200759888,0.21194295585155487,0.21194322407245636,0.5761138200759888
20180828115100.0,2.0,0.5761138200759888,0.2119429111480713,0.21194326877593994,0.5761138200759888
20180828115200.0,2.0,0.5761143565177917,0.21194283664226532,0.21194280683994293,0.5761143565177917
20180828115300.0,2.0,0.5761135816574097,0.21194329857826233,0.21194307506084442,0.5761135816574097
20180828115400.0,2.0,0.5761121511459351,0.2119438201189041,0.2119440734386444,0.5761121511459351
20180828115500.0,2.0,0.5761126279830933,0.21194341778755188,0.21194392442703247,0.5761126279830933
20180828115600.0,2.0,0.5761151313781738,0.21194244921207428,0.21194243431091309,0.5761151313781738
20180828115700.0,2.0,0.576113760471344,0.2119431495666504,0.211943119764328,0.576113760471344
20180828115800.0,2.0,0.57611483335495,0.21194244921207428,0.2119426280260086,0.57611483335495
20180828115900.0,2.0,0.5761153101921082,0.21194230020046234,0.2119423747062683,0.5761153101921082
20180828120000.0,2.0,0.5761135816574097,0.21194306015968323,0.2119433730840683,0.5761135816574097
20180828120100.0,2.0,0.5761145353317261,0.21194268763065338,0.21194279193878174,0.5761145353317261
20180828120200.0,2.0,0.5761145949363708,0.21194268763065338,0.21194274723529816,0.5761145949363708
20180828120300.0,2.0,0.5761138796806335,0.21194301545619965,0.211943119764328,0.5761138796806335
20180828120400.0,2.0,0.5761115550994873,0.21194393932819366,0.21194449067115784,0.5761115550994873
20180828120500.0,2.0,0.576115071773529,0.2119424194097519,0.21194246411323547,0.576115071773529
20180828120600.0,2.0,0.576115071773529,0.21194249391555786,0.21194247901439667,0.576115071773529
20180828120700.0,2.0,0.5761147141456604,0.2119426429271698,0.2119426727294922,0.5761147141456604
20180828120800.0,2.0,0.576115071773529,0.2119424194097519,0.21194247901439667,0.576115071773529
20180828120900.0,2.0,0.5761141777038574,0.21194292604923248,0.2119428962469101,0.5761141777038574
20180828121000.0,2.0,0.5761120319366455,0.21194371581077576,0.21194425225257874,0.5761120319366455
20180828121100.0,2.0,0.5761142373085022,0.21194294095039368,0.21194283664226532,0.5761142373085022
20180828121200.0,2.0,0.5761116147041321,0.21194426715373993,0.21194413304328918,0.5761116147041321
20180828121300.0,2.0,0.5761118531227112,0.21194402873516083,0.2119441032409668,0.5761118531227112
20180828121400.0,2.0,0.5761102437973022,0.21194490790367126,0.2119448333978653,0.5761102437973022
20180828121500.0,2.0,0.5761118531227112,0.2119441032409668,0.2119440734386444,0.5761118531227112
20180828121600.0,2.0,0.5761121511459351,0.21194402873516083,0.2119438797235489,0.5761121511459351
20180828121700.0,2.0,0.5761094689369202,0.21194520592689514,0.2119453400373459,0.5761094689369202
20180828121800.0,2.0,0.5761110186576843,0.21194444596767426,0.21194450557231903,0.5761110186576843
20180828121900.0,2.0,0.5761122703552246,0.2119438797235489,0.21194379031658173,0.5761122703552246
20180828122000.0,2.0,0.5761128664016724,0.21194352209568024,0.2119436264038086,0.5761128664016724
20180828122100.0,2.0,0.5761099457740784,0.21194487810134888,0.21194517612457275,0.5761099457740784
20180828122200.0,2.0,0.576109766960144,0.2119448333978653,0.21194539964199066,0.576109766960144
20180828122300.0,2.0,0.5761123299598694,0.21194374561309814,0.21194390952587128,0.5761123299598694
20180828122400.0,2.0,0.5761125087738037,0.21194380521774292,0.21194373071193695,0.5761125087738037
20180828122500.0,2.0,0.5761116743087769,0.21194420754909515,0.2119440883398056,0.5761116743087769
20180828122600.0,2.0,0.5761087536811829,0.21194536983966827,0.21194593608379364,0.5761087536811829
20180828122700.0,2.0,0.5761092901229858,0.2119450867176056,0.21194562315940857,0.5761092901229858
20180828122800.0,2.0,0.5761140584945679,0.21194300055503845,0.21194295585155487,0.5761140584945679
20180828122900.0,2.0,0.5761131048202515,0.21194332838058472,0.2119436115026474,0.5761131048202515
20180828123000.0,2.0,0.5761118531227112,0.2119438797235489,0.21194423735141754,0.5761118531227112
20180828123100.0,2.0,0.576095461845398,0.21195019781589508,0.21195437014102936,0.576095461845398
20180828123200.0,2.0,0.5761010050773621,0.21194757521152496,0.21195144951343536,0.5761010050773621
20180828123300.0,2.0,0.5761034488677979,0.2119474560022354,0.21194903552532196,0.5761034488677979
20180828123400.0,2.0,0.5761063694953918,0.21194636821746826,0.21194729208946228,0.5761063694953918
20180828123500.0,2.0,0.5760905146598816,0.2119528204202652,0.2119566649198532,0.5760905146598816
20180828123600.0,2.0,0.5761058330535889,0.21194656193256378,0.21194760501384735,0.5761058330535889
20180828123700.0,2.0,0.5761041641235352,0.21194687485694885,0.2119489312171936,0.5761041641235352
20180828123800.0,2.0,0.5761092901229858,0.21194511651992798,0.21194560825824738,0.5761092901229858
20180828123900.0,2.0,0.5761088728904724,0.2119450718164444,0.2119460105895996,0.5761088728904724
20180828124000.0,2.0,0.5761070847511292,0.21194599568843842,0.21194687485694885,0.5761070847511292
20180828124100.0,2.0,0.5761097073554993,0.21194525063037872,0.21194499731063843,0.5761097073554993
20180828124200.0,2.0,0.5761116743087769,0.21194416284561157,0.21194420754909515,0.5761116743087769
20180828124300.0,2.0,0.5761122703552246,0.21194373071193695,0.21194395422935486,0.5761122703552246
20180828124400.0,2.0,0.5761131048202515,0.21194346249103546,0.2119433879852295,0.5761131048202515
20180828124500.0,2.0,0.5761151909828186,0.21194250881671906,0.21194233000278473,0.5761151909828186
20180828124600.0,2.0,0.5761149525642395,0.2119426131248474,0.2119424045085907,0.5761149525642395
20180828124700.0,2.0,0.57611483335495,0.2119426727294922,0.21194249391555786,0.57611483335495
20180828124800.0,2.0,0.5761147141456604,0.2119426727294922,0.21194256842136383,0.5761147141456604
20180828124900.0,2.0,0.5761135220527649,0.2119433432817459,0.21194316446781158,0.5761135220527649
20180828125000.0,2.0,0.5761141777038574,0.21194300055503845,0.21194282174110413,0.5761141777038574
20180828125100.0,2.0,0.5761141777038574,0.21194306015968323,0.21194283664226532,0.5761141777038574
20180828125200.0,2.0,0.5761133432388306,0.21194344758987427,0.21194320917129517,0.5761133432388306
20180828125300.0,2.0,0.5761135816574097,0.2119431495666504,0.21194329857826233,0.5761135816574097
20180828125400.0,2.0,0.5761115550994873,0.21194422245025635,0.21194420754909515,0.5761115550994873
20180828125500.0,2.0,0.5761149525642395,0.21194256842136383,0.21194252371788025,0.5761149525642395
20180828125600.0,2.0,0.5761153101921082,0.2119423747062683,0.21194224059581757,0.5761153101921082
20180828125700.0,2.0,0.5761160254478455,0.21194203197956085,0.21194197237491608,0.5761160254478455
20180828125800.0,2.0,0.5761149525642395,0.21194255352020264,0.21194246411323547,0.5761149525642395
20180828125900.0,2.0,0.5761152505874634,0.2119424045085907,0.21194230020046234,0.5761152505874634
20180828130000.0,2.0,0.5761153101921082,0.2119423747062683,0.21194233000278473,0.5761153101921082
20180828130100.0,2.0,0.5761156678199768,0.21194222569465637,0.2119421660900116,0.5761156678199768
20180828130200.0,2.0,0.5761153101921082,0.2119423747062683,0.21194230020046234,0.5761153101921082
20180828130300.0,2.0,0.5761159062385559,0.21194209158420563,0.21194204688072205,0.5761159062385559
20180828130400.0,2.0,0.5761150121688843,0.21194256842136383,0.2119424194097519,0.5761150121688843
20180828130500.0,2.0,0.5761149525642395,0.21194258332252502,0.21194252371788025,0.5761149525642395
20180828130600.0,2.0,0.576115071773529,0.21194252371788025,0.21194243431091309,0.576115071773529
20180828130700.0,2.0,0.576113760471344,0.21194320917129517,0.21194307506084442,0.576113760471344
20180828130800.0,2.0,0.5761135816574097,0.21194323897361755,0.21194320917129517,0.5761135816574097
20180828130900.0,2.0,0.5761151313781738,0.21194247901439667,0.2119423896074295,0.5761151313781738
20180828131000.0,2.0,0.5761128664016724,0.2119436264038086,0.21194347739219666,0.5761128664016724
20180828131100.0,2.0,0.5761135220527649,0.21194323897361755,0.21194323897361755,0.5761135220527649
20180828131200.0,2.0,0.576115071773529,0.21194250881671906,0.2119423896074295,0.576115071773529
20180828131300.0,2.0,0.5761150121688843,0.21194250881671906,0.21194250881671906,0.5761150121688843
20180828131400.0,2.0,0.5761131048202515,0.21194353699684143,0.2119433879852295,0.5761131048202515
20180828131500.0,2.0,0.5761138200759888,0.21194317936897278,0.21194297075271606,0.5761138200759888
20180828131600.0,2.0,0.5761135816574097,0.21194317936897278,0.21194326877593994,0.5761135816574097
20180828131700.0,2.0,0.5761123895645142,0.2119440883398056,0.21194353699684143,0.5761123895645142
20180828131800.0,2.0,0.5761137008666992,0.21194317936897278,0.21194320917129517,0.5761137008666992
20180828131900.0,2.0,0.5761126279830933,0.21194377541542053,0.21194355189800262,0.5761126279830933
20180828132000.0,2.0,0.5761128664016724,0.2119436264038086,0.21194350719451904,0.5761128664016724
20180828132100.0,2.0,0.5761137008666992,0.21194326877593994,0.2119431048631668,0.5761137008666992
20180828132200.0,2.0,0.5761147737503052,0.2119426727294922,0.21194250881671906,0.5761147737503052
20180828132300.0,2.0,0.5761149525642395,0.2119426131248474,0.21194247901439667,0.5761149525642395
20180828132400.0,2.0,0.5761123895645142,0.21194398403167725,0.2119436413049698,0.5761123895645142
20180828132500.0,2.0,0.5761142373085022,0.21194303035736084,0.21194276213645935,0.5761142373085022
20180828132600.0,2.0,0.5761147141456604,0.21194273233413696,0.21194258332252502,0.5761147141456604
20180828132700.0,2.0,0.5761142373085022,0.21194307506084442,0.21194271743297577,0.5761142373085022
20180828132800.0,2.0,0.5761145949363708,0.2119428962469101,0.21194253861904144,0.5761145949363708
20180828132900.0,2.0,0.5761155486106873,0.21194230020046234,0.2119421809911728,0.5761155486106873
20180828133000.0,2.0,0.57611483335495,0.21194258332252502,0.21194250881671906,0.57611483335495
20180828133100.0,2.0,0.5761137008666992,0.21194332838058472,0.21194298565387726,0.5761137008666992
20180828133200.0,2.0,0.5761152505874634,0.21194249391555786,0.21194222569465637,0.5761152505874634
20180828133300.0,2.0,0.5761138200759888,0.21194316446781158,0.21194306015968323,0.5761138200759888
20180828133400.0,2.0,0.576115071773529,0.21194250881671906,0.2119423896074295,0.576115071773529
20180828133500.0,2.0,0.5761139988899231,0.21194304525852203,0.21194297075271606,0.5761139988899231
20180828133600.0,2.0,0.5761153101921082,0.21194235980510712,0.21194225549697876,0.5761153101921082
20180828133700.0,2.0,0.5761156678199768,0.21194227039813995,0.21194212138652802,0.5761156678199768
20180828133800.0,2.0,0.576115071773529,0.21194249391555786,0.2119423896074295,0.576115071773529
20180828133900.0,2.0,0.576115071773529,0.21194252371788025,0.2119424194097519,0.576115071773529
20180828134000.0,2.0,0.5761149525642395,0.21194253861904144,0.21194249391555786,0.5761149525642395
20180828134100.0,2.0,0.5761156678199768,0.21194219589233398,0.21194207668304443,0.5761156678199768
20180828134200.0,2.0,0.576116144657135,0.21194197237491608,0.2119419425725937,0.576116144657135
20180828134300.0,2.0,0.5761163830757141,0.21194183826446533,0.21194180846214294,0.5761163830757141
20180828134400.0,2.0,0.5761156678199768,0.21194225549697876,0.21194210648536682,0.5761156678199768
20180828134500.0,2.0,0.5761160254478455,0.21194197237491608,0.21194195747375488,0.5761160254478455
20180828134600.0,2.0,0.5761151909828186,0.21194235980510712,0.21194244921207428,0.5761151909828186
20180828134700.0,2.0,0.5761157274246216,0.2119421511888504,0.2119421511888504,0.5761157274246216
20180828134800.0,2.0,0.5761156678199768,0.2119421660900116,0.2119421660900116,0.5761156678199768
20180828134900.0,2.0,0.5761154294013977,0.21194231510162354,0.21194222569465637,0.5761154294013977
20180828135000.0,2.0,0.576116144657135,0.21194195747375488,0.2119419127702713,0.576116144657135
20180828135100.0,2.0,0.5761163830757141,0.21194183826446533,0.21194180846214294,0.5761163830757141
20180828135200.0,2.0,0.576116144657135,0.2119419425725937,0.2119419276714325,0.576116144657135
20180828135300.0,2.0,0.5761165022850037,0.21194173395633698,0.21194171905517578,0.5761165022850037
20180828135400.0,2.0,0.5761160254478455,0.21194197237491608,0.21194197237491608,0.5761160254478455
20180828135500.0,2.0,0.5761165618896484,0.21194171905517578,0.2119417041540146,0.5761165618896484
20180828135600.0,2.0,0.576116681098938,0.2119416743516922,0.2119416743516922,0.576116681098938
20180828135700.0,2.0,0.5761165022850037,0.21194171905517578,0.21194171905517578,0.5761165022850037
20180828135800.0,2.0,0.5761163234710693,0.21194183826446533,0.21194183826446533,0.5761163234710693
20180828135900.0,2.0,0.5761165022850037,0.21194171905517578,0.21194171905517578,0.5761165022850037
20180828140000.0,2.0,0.5761163234710693,0.21194183826446533,0.21194183826446533,0.5761163234710693
20180828140100.0,2.0,0.5761162042617798,0.2119419276714325,0.2119418978691101,0.5761162042617798
20180828140200.0,2.0,0.5761163234710693,0.21194185316562653,0.21194183826446533,0.5761163234710693
20180828140300.0,2.0,0.5761162042617798,0.21194186806678772,0.2119418978691101,0.5761162042617798
20180828140400.0,2.0,0.5761162042617798,0.2119419127702713,0.2119419127702713,0.5761162042617798
20180828140500.0,2.0,0.5761157274246216,0.21194212138652802,0.2119421809911728,0.5761157274246216
20180828140600.0,2.0,0.5761153101921082,0.21194222569465637,0.2119424045085907,0.5761153101921082
20180828140700.0,2.0,0.5761156678199768,0.21194210648536682,0.2119421660900116,0.5761156678199768
20180828140800.0,2.0,0.5761162042617798,0.2119418978691101,0.21194186806678772,0.5761162042617798
20180828140900.0,2.0,0.5761162042617798,0.2119419127702713,0.2119419127702713,0.5761162042617798
20180828141000.0,2.0,0.5761163234710693,0.21194185316562653,0.21194182336330414,0.5761163234710693
20180828141100.0,2.0,0.576116681098938,0.2119416743516922,0.211941659450531,0.576116681098938
20180828141200.0,2.0,0.5761165022850037,0.21194176375865936,0.21194174885749817,0.5761165022850037
20180828141300.0,2.0,0.5761166214942932,0.2119417041540146,0.2119416743516922,0.5761166214942932
20180828141400.0,2.0,0.5761166214942932,0.2119417041540146,0.2119416743516922,0.5761166214942932
20180828141500.0,2.0,0.5761166214942932,0.21194173395633698,0.2119417041540146,0.5761166214942932
20180828141600.0,2.0,0.5761167407035828,0.211941659450531,0.2119416445493698,0.5761167407035828
20180828141700.0,2.0,0.576116681098938,0.2119416743516922,0.2119416743516922,0.576116681098938
20180828141800.0,2.0,0.5761166214942932,0.2119416743516922,0.2119417041540146,0.5761166214942932
20180828141900.0,2.0,0.576116681098938,0.211941659450531,0.2119416743516922,0.576116681098938
20180828142000.0,2.0,0.5761166214942932,0.2119416743516922,0.2119416892528534,0.5761166214942932
20180828142100.0,2.0,0.5761167407035828,0.21194161474704742,0.21194162964820862,0.5761167407035828
20180828142200.0,2.0,0.5761167407035828,0.2119416445493698,0.211941659450531,0.5761167407035828
20180828142300.0,2.0,0.5761168003082275,0.21194159984588623,0.21194161474704742,0.5761168003082275
20180828142400.0,2.0,0.5761167407035828,0.21194161474704742,0.21194162964820862,0.5761167407035828
20180828142500.0,2.0,0.5761167407035828,0.21194161474704742,0.21194162964820862,0.5761167407035828
20180828142600.0,2.0,0.576116681098938,0.211941659450531,0.2119416743516922,0.576116681098938
20180828142700.0,2.0,0.5761165618896484,0.2119416892528534,0.21194173395633698,0.5761165618896484
20180828142800.0,2.0,0.5761167407035828,0.21194161474704742,0.21194161474704742,0.5761167407035828
20180828142900.0,2.0,0.5761167407035828,0.21194161474704742,0.21194161474704742,0.5761167407035828
20180828143000.0,2.0,0.5761167407035828,0.21194161474704742,0.21194161474704742,0.5761167407035828
20180828143100.0,2.0,0.5761167407035828,0.21194161474704742,0.21194161474704742,0.5761167407035828
20180828143200.0,2.0,0.576116681098938,0.211941659450531,0.2119416743516922,0.576116681098938
20180828143300.0,2.0,0.5761165022850037,0.21194171905517578,0.21194182336330414,0.5761165022850037
20180828143400.0,2.0,0.5761165022850037,0.21194171905517578,0.21194182336330414,0.5761165022850037
20180828143500.0,2.0,0.5761166214942932,0.2119416892528534,0.2119417041540146,0.5761166214942932
20180828143600.0,2.0,0.5761163830757141,0.21194174885749817,0.21194182336330414,0.5761163830757141
20180828143700.0,2.0,0.5761162042617798,0.21194179356098175,0.21194197237491608,0.5761162042617798
20180828143800.0,2.0,0.5761165022850037,0.21194171905517578,0.21194179356098175,0.5761165022850037
20180828143900.0,2.0,0.5761151909828186,0.2119421809911728,0.211942657828331,0.5761151909828186
20180828144000.0,2.0,0.5761140584945679,0.21194244921207428,0.21194350719451904,0.5761140584945679
20180828144100.0,2.0,0.5761085152626038,0.2119438201189041,0.21194767951965332,0.5761085152626038
20180828144200.0,2.0,0.5761092305183411,0.21194398403167725,0.2119467705488205,0.5761092305183411
20180828144300.0,2.0,0.5761072039604187,0.2119446098804474,0.21194814145565033,0.5761072039604187
20180828144400.0,2.0,0.5761126279830933,0.211943119764328,0.21194426715373993,0.5761126279830933
20180828144500.0,2.0,0.5758849382400513,0.21199341118335724,0.2121216207742691,0.5758849382400513
20180828144600.0,2.0,0.5760288834571838,0.2119632065296173,0.21200793981552124,0.5760288834571838
20180828144700.0,2.0,0.5754479169845581,0.21209880709648132,0.21245326101779938,0.5754479169845581
20180828144800.0,2.0,0.5760669112205505,0.2119581550359726,0.21197497844696045,0.5760669112205505
20180828144900.0,2.0,0.5759270787239075,0.2119951993227005,0.21207773685455322,0.5759270787239075
20180828145000.0,2.0,0.575928270816803,0.21199767291545868,0.21207404136657715,0.575928270816803
20180828145100.0,2.0,0.5756789445877075,0.21206268668174744,0.21225842833518982,0.5756789445877075
20180828145200.0,2.0,0.5757365822792053,0.21205352246761322,0.21220992505550385,0.5757365822792053
20180828145300.0,2.0,0.575914204120636,0.21200460195541382,0.2120811641216278,0.575914204120636
20180828145400.0,2.0,0.5760619640350342,0.21196609735488892,0.2119719535112381,0.5760619640350342
20180828145500.0,2.0,0.5760911107063293,0.21195515990257263,0.2119537889957428,0.5760911107063293
20180828145600.0,2.0,0.5760619044303894,0.21197088062763214,0.21196714043617249,0.5760619044303894
20180828145700.0,2.0,0.5760759115219116,0.2119646519422531,0.21195948123931885,0.5760759115219116
20180828145800.0,2.0,0.5761046409606934,0.211948424577713,0.21194696426391602,0.5761046409606934
20180828145900.0,2.0,0.5761083364486694,0.21194645762443542,0.21194523572921753,0.5761083364486694
20180828150000.0,2.0,0.576109766960144,0.2119457721710205,0.21194444596767426,0.576109766960144
20180828150100.0,2.0,0.5760962963104248,0.2119540423154831,0.21194963157176971,0.5760962963104248
20180828150200.0,2.0,0.5760833621025085,0.21196384727954865,0.2119528204202652,0.5760833621025085
20180828150300.0,2.0,0.5760915279388428,0.21195711195468903,0.21195131540298462,0.5760915279388428
20180828150400.0,2.0,0.5761130452156067,0.2119438350200653,0.211943119764328,0.5761130452156067
20180828150500.0,2.0,0.5761094689369202,0.21194618940353394,0.21194438636302948,0.5761094689369202
20180828150600.0,2.0,0.57610684633255,0.21194805204868317,0.21194502711296082,0.57610684633255
20180828150700.0,2.0,0.5761139392852783,0.21194332838058472,0.21194268763065338,0.5761139392852783
20180828150800.0,2.0,0.5761070251464844,0.2119475156068802,0.21194547414779663,0.5761070251464844
20180828150900.0,2.0,0.5761149525642395,0.21194270253181458,0.2119423747062683,0.5761149525642395
20180828151000.0,2.0,0.5761101841926575,0.21194517612457275,0.2119446098804474,0.5761101841926575
20180828151100.0,2.0,0.5761131048202515,0.21194368600845337,0.21194317936897278,0.5761131048202515
20180828151200.0,2.0,0.5761102437973022,0.21194544434547424,0.21194425225257874,0.5761102437973022
20180828151300.0,2.0,0.5761159062385559,0.21194210648536682,0.2119419425725937,0.5761159062385559
20180828151400.0,2.0,0.5761135220527649,0.21194350719451904,0.21194297075271606,0.5761135220527649
20180828151500.0,2.0,0.5761159062385559,0.2119421660900116,0.21194197237491608,0.5761159062385559
20180828151600.0,2.0,0.57611483335495,0.21194273233413696,0.21194243431091309,0.57611483335495
20180828151700.0,2.0,0.5761156678199768,0.21194230020046234,0.21194206178188324,0.5761156678199768
20180828151800.0,2.0,0.5761122703552246,0.21194419264793396,0.21194356679916382,0.5761122703552246
20180828151900.0,2.0,0.5761134624481201,0.21194350719451904,0.21194308996200562,0.5761134624481201
20180828152000.0,2.0,0.576114296913147,0.21194303035736084,0.21194271743297577,0.576114296913147
20180828152100.0,2.0,0.5761149525642395,0.2119426727294922,0.21194235980510712,0.5761149525642395
20180828152200.0,2.0,0.5761142373085022,0.21194297075271606,0.21194280683994293,0.5761142373085022
20180828152300.0,2.0,0.57611483335495,0.2119426131248474,0.21194258332252502,0.57611483335495
20180828152400.0,2.0,0.5761157274246216,0.2119421809911728,0.21194212138652802,0.5761157274246216
20180828152500.0,2.0,0.5761160254478455,0.21194204688072205,0.21194195747375488,0.5761160254478455
20180828152600.0,2.0,0.5761165022850037,0.21194174885749817,0.2119417041540146,0.5761165022850037
20180828152700.0,2.0,0.5761164426803589,0.21194180846214294,0.21194174885749817,0.5761164426803589
20180828152800.0,2.0,0.576116681098938,0.2119416892528534,0.211941659450531,0.576116681098938
20180828152900.0,2.0,0.5761159658432007,0.21194203197956085,0.21194200217723846,0.5761159658432007
20180828153000.0,2.0,0.5761160254478455,0.21194201707839966,0.21194197237491608,0.5761160254478455
20180828153100.0,2.0,0.5761163830757141,0.21194185316562653,0.21194179356098175,0.5761163830757141
20180828153200.0,2.0,0.5761165022850037,0.21194177865982056,0.21194173395633698,0.5761165022850037
20180828153300.0,2.0,0.5761156678199768,0.21194227039813995,0.21194209158420563,0.5761156678199768
20180828153400.0,2.0,0.5761164426803589,0.21194179356098175,0.21194174885749817,0.5761164426803589
20180828153500.0,2.0,0.5761159658432007,0.2119421362876892,0.2119418978691101,0.5761159658432007
20180828153600.0,2.0,0.5761163234710693,0.2119418829679489,0.21194177865982056,0.5761163234710693
20180828153700.0,2.0,0.5761167407035828,0.211941659450531,0.21194162964820862,0.5761167407035828
20180828153800.0,2.0,0.5761164426803589,0.21194180846214294,0.21194174885749817,0.5761164426803589
20180828153900.0,2.0,0.5761162042617798,0.2119419425725937,0.21194180846214294,0.5761162042617798
20180828154000.0,2.0,0.5761163830757141,0.2119418829679489,0.21194177865982056,0.5761163830757141
20180828154100.0,2.0,0.5761159062385559,0.2119421362876892,0.21194201707839966,0.5761159062385559
20180828154200.0,2.0,0.5761155486106873,0.21194233000278473,0.2119421660900116,0.5761155486106873
20180828154300.0,2.0,0.576116144657135,0.21194201707839966,0.2119419127702713,0.576116144657135
20180828154400.0,2.0,0.5761160254478455,0.21194207668304443,0.21194195747375488,0.5761160254478455
20180828154500.0,2.0,0.5761162042617798,0.2119419276714325,0.21194182336330414,0.5761162042617798
20180828154600.0,2.0,0.5761159062385559,0.21194209158420563,0.21194195747375488,0.5761159062385559
20180828154700.0,2.0,0.5761162638664246,0.2119419127702713,0.21194179356098175,0.5761162638664246
20180828154800.0,2.0,0.5761157870292664,0.2119421660900116,0.21194201707839966,0.5761157870292664
20180828154900.0,2.0,0.5761154890060425,0.21194233000278473,0.2119421809911728,0.5761154890060425
20180828155000.0,2.0,0.5761153101921082,0.2119423747062683,0.21194224059581757,0.5761153101921082
20180828155100.0,2.0,0.5761160254478455,0.21194207668304443,0.2119419276714325,0.5761160254478455
20180828155200.0,2.0,0.5761160254478455,0.21194201707839966,0.2119419127702713,0.5761160254478455
20180828155300.0,2.0,0.5761162638664246,0.2119419425725937,0.21194179356098175,0.5761162638664246
20180828155400.0,2.0,0.576114296913147,0.2119431048631668,0.21194258332252502,0.576114296913147
20180828155500.0,2.0,0.5761150121688843,0.2119426429271698,0.2119423747062683,0.5761150121688843
20180828155600.0,2.0,0.5761154890060425,0.2119423747062683,0.2119421511888504,0.5761154890060425
20180828155700.0,2.0,0.5761145353317261,0.2119428962469101,0.21194252371788025,0.5761145353317261
20180828155800.0,2.0,0.5760985016822815,0.21194946765899658,0.2119521051645279,0.5760985016822815
20180828155900.0,2.0,0.5761114358901978,0.21194396913051605,0.2119445949792862,0.5761114358901978
20180828160000.0,2.0,0.5761055946350098,0.21194608509540558,0.21194829046726227,0.5761055946350098
20180828160100.0,2.0,0.5761066675186157,0.21194641292095184,0.21194693446159363,0.5761066675186157
20180828160200.0,2.0,0.5760829448699951,0.21195590496063232,0.2119610607624054,0.5760829448699951
20180828160300.0,2.0,0.5760998129844666,0.21194860339164734,0.21195164322853088,0.5760998129844666
20180828160400.0,2.0,0.5761023759841919,0.21194840967655182,0.2119491696357727,0.5761023759841919
20180828160500.0,2.0,0.576114296913147,0.21194280683994293,0.2119428664445877,0.576114296913147
20180828160600.0,2.0,0.5761140584945679,0.21194300055503845,0.2119428962469101,0.5761140584945679
20180828160700.0,2.0,0.5761145353317261,0.21194279193878174,0.2119426280260086,0.5761145353317261
20180828160800.0,2.0,0.576116144657135,0.21194201707839966,0.21194186806678772,0.576116144657135
20180828160900.0,2.0,0.5761141180992126,0.21194274723529816,0.21194317936897278,0.5761141180992126
20180828161000.0,2.0,0.5761163234710693,0.21194186806678772,0.21194180846214294,0.5761163234710693
20180828161100.0,2.0,0.5761154890060425,0.21194230020046234,0.21194221079349518,0.5761154890060425
20180828161200.0,2.0,0.5761165022850037,0.21194174885749817,0.21194171905517578,0.5761165022850037
20180828161300.0,2.0,0.5761165022850037,0.21194174885749817,0.2119417041540146,0.5761165022850037
20180828161400.0,2.0,0.5761162638664246,0.2119418829679489,0.21194183826446533,0.5761162638664246
20180828161500.0,2.0,0.5761156678199768,0.2119421809911728,0.2119421660900116,0.5761156678199768
20180828161600.0,2.0,0.5761157274246216,0.2119421511888504,0.21194209158420563,0.5761157274246216
20180828161700.0,2.0,0.5761162638664246,0.21194185316562653,0.21194180846214294,0.5761162638664246
20180828161800.0,2.0,0.5761165022850037,0.21194173395633698,0.21194171905517578,0.5761165022850037
20180828161900.0,2.0,0.5761160254478455,0.21194200217723846,0.2119419127702713,0.5761160254478455
20180828162000.0,2.0,0.5761160254478455,0.21194201707839966,0.2119419127702713,0.5761160254478455
20180828162100.0,2.0,0.5761163830757141,0.21194183826446533,0.21194182336330414,0.5761163830757141
20180828162200.0,2.0,0.5761145949363708,0.21194276213645935,0.2119426131248474,0.5761145949363708
20180828162300.0,2.0,0.5761139392852783,0.21194307506084442,0.21194301545619965,0.5761139392852783
20180828162400.0,2.0,0.5761159062385559,0.21194207668304443,0.21194197237491608,0.5761159062385559
20180828162500.0,2.0,0.5761159658432007,0.21194206178188324,0.21194195747375488,0.5761159658432007
20180828162600.0,2.0,0.5761083960533142,0.21194525063037872,0.21194636821746826,0.5761083960533142
20180828162700.0,2.0,0.576116144657135,0.21194201707839966,0.2119419127702713,0.576116144657135
20180828162800.0,2.0,0.5761110186576843,0.21194443106651306,0.21194452047348022,0.5761110186576843
20180828162900.0,2.0,0.5761093497276306,0.21194538474082947,0.2119452953338623,0.5761093497276306
20180828163000.0,2.0,0.5761138200759888,0.2119431495666504,0.21194303035736084,0.5761138200759888
20180828163100.0,2.0,0.576114296913147,0.21194298565387726,0.21194277703762054,0.576114296913147
20180828163200.0,2.0,0.5761109590530396,0.21194440126419067,0.211944580078125,0.5761109590530396
20180828163300.0,2.0,0.576109766960144,0.21194498240947723,0.21194516122341156,0.576109766960144
20180828163400.0,2.0,0.5761097073554993,0.21194520592689514,0.21194513142108917,0.5761097073554993
20180828163500.0,2.0,0.5761114358901978,0.21194443106651306,0.21194416284561157,0.5761114358901978
20180828163600.0,2.0,0.5761054158210754,0.2119470089673996,0.21194759011268616,0.5761054158210754
20180828163700.0,2.0,0.5761125087738037,0.21194392442703247,0.2119436413049698,0.5761125087738037
20180828163800.0,2.0,0.5761095285415649,0.21194526553153992,0.21194525063037872,0.5761095285415649
20180828163900.0,2.0,0.5761128067970276,0.21194373071193695,0.21194344758987427,0.5761128067970276
20180828164000.0,2.0,0.5761154890060425,0.21194230020046234,0.21194219589233398,0.5761154890060425
20180828164100.0,2.0,0.5761139988899231,0.21194316446781158,0.21194283664226532,0.5761139988899231
20180828164200.0,2.0,0.5761135220527649,0.21194340288639069,0.21194308996200562,0.5761135220527649
20180828164300.0,2.0,0.5761151909828186,0.21194244921207428,0.21194230020046234,0.5761151909828186
20180828164400.0,2.0,0.5761144757270813,0.21194283664226532,0.21194268763065338,0.5761144757270813
20180828164500.0,2.0,0.5761110186576843,0.21194452047348022,0.21194443106651306,0.5761110186576843
20180828164600.0,2.0,0.5761153101921082,0.2119424194097519,0.21194225549697876,0.5761153101921082
20180828164700.0,2.0,0.5761151313781738,0.21194253861904144,0.21194234490394592,0.5761151313781738
20180828164800.0,2.0,0.5761101245880127,0.21194544434547424,0.2119443714618683,0.5761101245880127
20180828164900.0,2.0,0.5761138796806335,0.2119433581829071,0.21194277703762054,0.5761138796806335
20180828165000.0,2.0,0.5761120319366455,0.21194450557231903,0.21194353699684143,0.5761120319366455
20180828165100.0,2.0,0.5761136412620544,0.21194347739219666,0.2119428813457489,0.5761136412620544
20180828165200.0,2.0,0.5761126279830933,0.21194392442703247,0.21194349229335785,0.5761126279830933
20180828165300.0,2.0,0.5761135816574097,0.21194341778755188,0.21194303035736084,0.5761135816574097
20180828165400.0,2.0,0.5761109590530396,0.2119447886943817,0.21194429695606232,0.5761109590530396
20180828165500.0,2.0,0.5761107206344604,0.2119450867176056,0.21194417774677277,0.5761107206344604
20180828165600.0,2.0,0.5761077404022217,0.21194641292095184,0.21194583177566528,0.5761077404022217
20180828165700.0,2.0,0.5761135816574097,0.21194331347942352,0.21194306015968323,0.5761135816574097
20180828165800.0,2.0,0.576112687587738,0.21194374561309814,0.21194355189800262,0.576112687587738
20180828165900.0,2.0,0.5761157274246216,0.2119421809911728,0.21194204688072205,0.5761157274246216
20180828170000.0,2.0,0.5761156678199768,0.21194221079349518,0.21194206178188324,0.5761156678199768
20180828170100.0,2.0,0.5761154294013977,0.2119423896074295,0.2119421362876892,0.5761154294013977
20180828170200.0,2.0,0.5761144757270813,0.21194292604923248,0.211942657828331,0.5761144757270813
20180828170300.0,2.0,0.5761153101921082,0.2119424045085907,0.21194219589233398,0.5761153101921082
20180828170400.0,2.0,0.5761159062385559,0.2119421660900116,0.21194197237491608,0.5761159062385559
20180828170500.0,2.0,0.5761147141456604,0.2119428664445877,0.21194244921207428,0.5761147141456604
20180828170600.0,2.0,0.57611483335495,0.21194274723529816,0.21194233000278473,0.57611483335495
20180828170700.0,2.0,0.5761147141456604,0.2119428664445877,0.21194244921207428,0.5761147141456604
20180828170800.0,2.0,0.5761149525642395,0.21194268763065338,0.21194234490394592,0.5761149525642395
20180828170900.0,2.0,0.5761121511459351,0.21194423735141754,0.21194365620613098,0.5761121511459351
20180828171000.0,2.0,0.5761153101921082,0.21194246411323547,0.21194224059581757,0.5761153101921082
20180828171100.0,2.0,0.5761162638664246,0.2119419127702713,0.21194180846214294,0.5761162638664246
20180828171200.0,2.0,0.5761162638664246,0.2119418978691101,0.21194180846214294,0.5761162638664246
20180828171300.0,2.0,0.5761150121688843,0.2119426429271698,0.2119423747062683,0.5761150121688843
20180828171400.0,2.0,0.5761157274246216,0.21194222569465637,0.21194201707839966,0.5761157274246216
20180828171500.0,2.0,0.5761160254478455,0.21194209158420563,0.2119419127702713,0.5761160254478455
20180828171600.0,2.0,0.5761144161224365,0.21194297075271606,0.21194258332252502,0.5761144161224365
20180828171700.0,2.0,0.5761129856109619,0.21194377541542053,0.21194328367710114,0.5761129856109619
20180828171800.0,2.0,0.576108455657959,0.2119464874267578,0.2119450569152832,0.576108455657959
20180828171900.0,2.0,0.5761134624481201,0.21194346249103546,0.21194303035736084,0.5761134624481201
20180828172000.0,2.0,0.576104998588562,0.21194812655448914,0.21194685995578766,0.576104998588562
20180828172100.0,2.0,0.5761101841926575,0.21194520592689514,0.211944580078125,0.5761101841926575
20180828172200.0,2.0,0.5761032104492188,0.21194882690906525,0.211947962641716,0.5761032104492188
20180828172300.0,2.0,0.5761128067970276,0.21194376051425934,0.21194341778755188,0.5761128067970276
20180828172400.0,2.0,0.5761141180992126,0.21194298565387726,0.21194292604923248,0.5761141180992126
20180828172500.0,2.0,0.576113760471344,0.21194331347942352,0.21194295585155487,0.576113760471344
20180828172600.0,2.0,0.5761086940765381,0.21194617450237274,0.21194516122341156,0.5761086940765381
20180828172700.0,2.0,0.5761049389839172,0.21194852888584137,0.21194656193256378,0.5761049389839172
20180828172800.0,2.0,0.5761126279830933,0.21194402873516083,0.2119433730840683,0.5761126279830933
20180828172900.0,2.0,0.5761131644248962,0.21194365620613098,0.21194316446781158,0.5761131644248962
20180828173000.0,2.0,0.5761149525642395,0.21194268763065338,0.21194234490394592,0.5761149525642395
20180828173100.0,2.0,0.5761152505874634,0.21194250881671906,0.21194221079349518,0.5761152505874634
20180828173200.0,2.0,0.5761153101921082,0.21194244921207428,0.2119421809911728,0.5761153101921082
20180828173300.0,2.0,0.5761129856109619,0.21194371581077576,0.21194326877593994,0.5761129856109619
20180828173400.0,2.0,0.5761159658432007,0.21194206178188324,0.21194198727607727,0.5761159658432007
20180828173500.0,2.0,0.576116144657135,0.21194197237491608,0.21194186806678772,0.576116144657135
20180828173600.0,2.0,0.5761162042617798,0.2119419425725937,0.21194186806678772,0.5761162042617798
20180828173700.0,2.0,0.5761162638664246,0.2119419127702713,0.21194186806678772,0.5761162638664246
20180828173800.0,2.0,0.5761148929595947,0.2119426131248474,0.21194246411323547,0.5761148929595947
20180828173900.0,2.0,0.5761151909828186,0.21194244921207428,0.21194231510162354,0.5761151909828186
20180828174000.0,2.0,0.5761144757270813,0.2119428813457489,0.2119426280260086,0.5761144757270813
20180828174100.0,2.0,0.5761109590530396,0.2119446098804474,0.21194440126419067,0.5761109590530396
20180828174200.0,2.0,0.5761110186576843,0.21194447576999664,0.21194449067115784,0.5761110186576843
20180828174300.0,2.0,0.576116144657135,0.2119419276714325,0.2119419127702713,0.576116144657135
20180828174400.0,2.0,0.5761155486106873,0.21194228529930115,0.21194221079349518,0.5761155486106873
20180828174500.0,2.0,0.5761155486106873,0.21194227039813995,0.21194212138652802,0.5761155486106873
20180828174600.0,2.0,0.5761163234710693,0.2119418829679489,0.21194180846214294,0.5761163234710693
20180828174700.0,2.0,0.5761163830757141,0.21194185316562653,0.21194179356098175,0.5761163830757141
20180828174800.0,2.0,0.5761157274246216,0.2119421809911728,0.21194204688072205,0.5761157274246216
20180828174900.0,2.0,0.5761160254478455,0.21194201707839966,0.2119418978691101,0.5761160254478455
20180828175000.0,2.0,0.5761165022850037,0.21194179356098175,0.21194171905517578,0.5761165022850037
20180828175100.0,2.0,0.5761156678199768,0.21194225549697876,0.21194207668304443,0.5761156678199768
20180828175200.0,2.0,0.5761165618896484,0.21194173395633698,0.2119416892528534,0.5761165618896484
20180828175300.0,2.0,0.5761165022850037,0.21194174885749817,0.2119416743516922,0.5761165022850037
20180828175400.0,2.0,0.5761165022850037,0.21194174885749817,0.21194171905517578,0.5761165022850037
20180828175500.0,2.0,0.5761165022850037,0.21194173395633698,0.2119417041540146,0.5761165022850037
20180828175600.0,2.0,0.5761164426803589,0.21194179356098175,0.21194174885749817,0.5761164426803589
20180828175700.0,2.0,0.5761165022850037,0.21194177865982056,0.21194171905517578,0.5761165022850037
20180828175800.0,2.0,0.5761162042617798,0.2119419276714325,0.21194182336330414,0.5761162042617798
20180828175900.0,2.0,0.5761162042617798,0.2119419127702713,0.21194183826446533,0.5761162042617798
20180828180000.0,2.0,0.5761163830757141,0.21194183826446533,0.21194174885749817,0.5761163830757141
20180828180100.0,2.0,0.5761160850524902,0.21194198727607727,0.2119418978691101,0.5761160850524902
20180828180200.0,2.0,0.5761153697967529,0.2119423747062683,0.21194225549697876,0.5761153697967529
20180828180300.0,2.0,0.576115608215332,0.21194224059581757,0.2119421362876892,0.576115608215332
20180828180400.0,2.0,0.5761160254478455,0.21194201707839966,0.2119419127702713,0.5761160254478455
20180828180500.0,2.0,0.5761166214942932,0.21194173395633698,0.2119417041540146,0.5761166214942932
20180828180600.0,2.0,0.5761151909828186,0.21194243431091309,0.21194233000278473,0.5761151909828186
20180828180700.0,2.0,0.5761151313781738,0.21194249391555786,0.2119423747062683,0.5761151313781738
20180828180800.0,2.0,0.5761163830757141,0.21194185316562653,0.21194179356098175,0.5761163830757141
20180828180900.0,2.0,0.5761166214942932,0.2119417041540146,0.2119416743516922,0.5761166214942932
20180828181000.0,2.0,0.5761162638664246,0.2119418978691101,0.21194180846214294,0.5761162638664246
20180828181100.0,2.0,0.5761165022850037,0.21194174885749817,0.2119417041540146,0.5761165022850037
20180828181200.0,2.0,0.5761167407035828,0.21194162964820862,0.21194161474704742,0.5761167407035828
20180828181300.0,2.0,0.5761167407035828,0.21194162964820862,0.21194161474704742,0.5761167407035828
20180828181400.0,2.0,0.5761168599128723,0.21194159984588623,0.21194158494472504,0.5761168599128723
20180828181500.0,2.0,0.5761167407035828,0.21194161474704742,0.21194161474704742,0.5761167407035828
20180828181600.0,2.0,0.5761163234710693,0.21194183826446533,0.21194183826446533,0.5761163234710693
20180828181700.0,2.0,0.5761165022850037,0.21194173395633698,0.21194171905517578,0.5761165022850037
20180828181800.0,2.0,0.5761165618896484,0.21194173395633698,0.2119416892528534,0.5761165618896484
20180828181900.0,2.0,0.576116681098938,0.2119416743516922,0.211941659450531,0.576116681098938
20180828182000.0,2.0,0.576116681098938,0.2119416743516922,0.2119416743516922,0.576116681098938
20180828182100.0,2.0,0.5761167407035828,0.21194161474704742,0.21194161474704742,0.5761167407035828
20180828182200.0,2.0,0.5761167407035828,0.2119416445493698,0.211941659450531,0.5761167407035828
20180828182300.0,2.0,0.5761168003082275,0.21194159984588623,0.21194159984588623,0.5761168003082275
20180828182400.0,2.0,0.5761167407035828,0.2119416445493698,0.211941659450531,0.5761167407035828
20180828182500.0,2.0,0.576116681098938,0.2119416445493698,0.2119416445493698,0.576116681098938
20180828182600.0,2.0,0.5761168599128723,0.21194158494472504,0.21194158494472504,0.5761168599128723
20180828182700.0,2.0,0.5761167407035828,0.21194161474704742,0.21194161474704742,0.5761167407035828
20180828182800.0,2.0,0.5761168003082275,0.21194159984588623,0.21194159984588623,0.5761168003082275
20180828182900.0,2.0,0.5761167407035828,0.21194162964820862,0.21194161474704742,0.5761167407035828
20180828183000.0,2.0,0.5761165022850037,0.21194171905517578,0.21194171905517578,0.5761165022850037
20180828183100.0,2.0,0.5761165022850037,0.2119417041540146,0.21194174885749817,0.5761165022850037
20180828183200.0,2.0,0.5761166214942932,0.2119417041540146,0.21194173395633698,0.5761166214942932
20180828183300.0,2.0,0.576115608215332,0.21194198727607727,0.2119423747062683,0.576115608215332
20180828183400.0,2.0,0.5761167407035828,0.21194161474704742,0.21194161474704742,0.5761167407035828
20180828183500.0,2.0,0.576116681098938,0.2119416445493698,0.2119416445493698,0.576116681098938
20180828183600.0,2.0,0.5761168003082275,0.21194159984588623,0.21194159984588623,0.5761168003082275
20180828183700.0,2.0,0.5761167407035828,0.21194161474704742,0.21194161474704742,0.5761167407035828
20180828183800.0,2.0,0.5761168003082275,0.21194158494472504,0.21194159984588623,0.5761168003082275
20180828183900.0,2.0,0.5761155486106873,0.2119419276714325,0.21194247901439667,0.5761155486106873
20180828184000.0,2.0,0.5761147141456604,0.2119421362876892,0.21194316446781158,0.5761147141456604
20180828184100.0,2.0,0.5761164426803589,0.2119416892528534,0.21194182336330414,0.5761164426803589
20180828184200.0,2.0,0.5761167407035828,0.21194159984588623,0.21194162964820862,0.5761167407035828
20180828184300.0,2.0,0.5761168003082275,0.21194158494472504,0.21194159984588623,0.5761168003082275
20180828184400.0,2.0,0.5761168599128723,0.21194158494472504,0.21194159984588623,0.5761168599128723
20180828184500.0,2.0,0.5761167407035828,0.21194161474704742,0.21194161474704742,0.5761167407035828
20180828184600.0,2.0,0.5761168003082275,0.21194159984588623,0.21194159984588623,0.5761168003082275
20180828184700.0,2.0,0.5761168003082275,0.21194161474704742,0.21194159984588623,0.5761168003082275
20180828184800.0,2.0,0.5761167407035828,0.21194162964820862,0.21194161474704742,0.5761167407035828
20180828184900.0,2.0,0.5761167407035828,0.21194162964820862,0.21194161474704742,0.5761167407035828
20180828185000.0,2.0,0.5761167407035828,0.211941659450531,0.2119416445493698,0.5761167407035828
20180828185100.0,2.0,0.576116681098938,0.2119416743516922,0.211941659450531,0.576116681098938
20180828185200.0,2.0,0.5761167407035828,0.21194162964820862,0.21194161474704742,0.5761167407035828
20180828185300.0,2.0,0.5761167407035828,0.211941659450531,0.2119416445493698,0.5761167407035828
20180828185400.0,2.0,0.5761166214942932,0.21194171905517578,0.211941659450531,0.5761166214942932
20180828185500.0,2.0,0.5761167407035828,0.211941659450531,0.2119416445493698,0.5761167407035828
20180828185600.0,2.0,0.5761167407035828,0.211941659450531,0.2119416445493698,0.5761167407035828
20180828185700.0,2.0,0.5761165022850037,0.21194176375865936,0.2119416743516922,0.5761165022850037
20180828185800.0,2.0,0.576116681098938,0.2119416892528534,0.2119416445493698,0.576116681098938
20180828185900.0,2.0,0.5761165022850037,0.21194176375865936,0.2119417041540146,0.5761165022850037
20180828190000.0,2.0,0.5761162042617798,0.21194197237491608,0.21194186806678772,0.5761162042617798
20180828190100.0,2.0,0.5761165022850037,0.21194176375865936,0.2119417041540146,0.5761165022850037
20180828190200.0,2.0,0.5761165022850037,0.21194176375865936,0.2119417041540146,0.5761165022850037
20180828190300.0,2.0,0.576116681098938,0.2119416892528534,0.211941659450531,0.576116681098938
20180828190400.0,2.0,0.5761165022850037,0.21194174885749817,0.2119417041540146,0.5761165022850037
20180828190500.0,2.0,0.5761166214942932,0.2119417041540146,0.211941659450531,0.5761166214942932
20180828190600.0,2.0,0.5761167407035828,0.211941659450531,0.21194162964820862,0.5761167407035828
20180828190700.0,2.0,0.5761165618896484,0.21194173395633698,0.2119416892528534,0.5761165618896484
20180828190800.0,2.0,0.576116681098938,0.2119416892528534,0.2119416445493698,0.576116681098938
20180828190900.0,2.0,0.5761166214942932,0.2119417041540146,0.211941659450531,0.5761166214942932
20180828191000.0,2.0,0.576116681098938,0.2119416892528534,0.2119416445493698,0.576116681098938
20180828191100.0,2.0,0.576116681098938,0.2119416892528534,0.2119416445493698,0.576116681098938
20180828191200.0,2.0,0.576116681098938,0.2119416892528534,0.2119416445493698,0.576116681098938
20180828191300.0,2.0,0.5761167407035828,0.211941659450531,0.21194162964820862,0.5761167407035828
20180828191400.0,2.0,0.5761167407035828,0.21194162964820862,0.21194161474704742,0.5761167407035828
20180828191500.0,2.0,0.576116681098938,0.211941659450531,0.21194162964820862,0.576116681098938
20180828191600.0,2.0,0.576116681098938,0.2119416743516922,0.2119416445493698,0.576116681098938
20180828191700.0,2.0,0.5761166214942932,0.21194176375865936,0.2119416892528534,0.5761166214942932
20180828191800.0,2.0,0.5761165022850037,0.21194176375865936,0.2119416743516922,0.5761165022850037
20180828191900.0,2.0,0.576116681098938,0.2119416892528534,0.211941659450531,0.576116681098938
20180828192000.0,2.0,0.5761165022850037,0.21194176375865936,0.2119416743516922,0.5761165022850037
20180828192100.0,2.0,0.5761163830757141,0.2119418978691101,0.21194177865982056,0.5761163830757141
20180828192200.0,2.0,0.5761163830757141,0.21194183826446533,0.21194173395633698,0.5761163830757141
20180828192300.0,2.0,0.5761163830757141,0.21194185316562653,0.21194177865982056,0.5761163830757141
20180828192400.0,2.0,0.5761163830757141,0.2119419127702713,0.21194177865982056,0.5761163830757141
20180828192500.0,2.0,0.5761165022850037,0.21194176375865936,0.2119416743516922,0.5761165022850037
20180828192600.0,2.0,0.5761160850524902,0.21194204688072205,0.21194185316562653,0.5761160850524902
20180828192700.0,2.0,0.5761160254478455,0.21194207668304443,0.21194186806678772,0.5761160254478455
20180828192800.0,2.0,0.5761165022850037,0.21194176375865936,0.2119416743516922,0.5761165022850037
20180828192900.0,2.0,0.5761162638664246,0.2119418978691101,0.21194176375865936,0.5761162638664246
20180828193000.0,2.0,0.5761165618896484,0.21194174885749817,0.2119416743516922,0.5761165618896484
20180828193100.0,2.0,0.5761162042617798,0.21194197237491608,0.21194179356098175,0.5761162042617798
20180828193200.0,2.0,0.5761162638664246,0.21194197237491608,0.21194180846214294,0.5761162638664246
20180828193300.0,2.0,0.5761165022850037,0.21194176375865936,0.211941659450531,0.5761165022850037
20180828193400.0,2.0,0.5761166214942932,0.21194176375865936,0.2119416892528534,0.5761166214942932
20180828193500.0,2.0,0.5761166214942932,0.21194176375865936,0.2119416892528534,0.5761166214942932
20180828193600.0,2.0,0.5761165022850037,0.21194182336330414,0.21194171905517578,0.5761165022850037
20180828193700.0,2.0,0.5761166214942932,0.21194171905517578,0.211941659450531,0.5761166214942932
20180828193800.0,2.0,0.576116681098938,0.2119416892528534,0.2119416445493698,0.576116681098938
20180828193900.0,2.0,0.5761165022850037,0.21194179356098175,0.21194171905517578,0.5761165022850037
20180828194000.0,2.0,0.5761163234710693,0.2119419127702713,0.21194177865982056,0.5761163234710693
20180828194100.0,2.0,0.5761163830757141,0.2119418829679489,0.21194177865982056,0.5761163830757141
20180828194200.0,2.0,0.5761160850524902,0.21194204688072205,0.21194185316562653,0.5761160850524902
20180828194300.0,2.0,0.5761160254478455,0.21194209158420563,0.2119419127702713,0.5761160254478455
20180828194400.0,2.0,0.576116681098938,0.2119416892528534,0.2119416445493698,0.576116681098938
20180828194500.0,2.0,0.5761166214942932,0.21194176375865936,0.2119416892528534,0.5761166214942932
20180828194600.0,2.0,0.5761158466339111,0.21194221079349518,0.21194195747375488,0.5761158466339111
20180828194700.0,2.0,0.5761165022850037,0.21194174885749817,0.2119416743516922,0.5761165022850037
20180828194800.0,2.0,0.5761162638664246,0.2119419425725937,0.21194179356098175,0.5761162638664246
20180828194900.0,2.0,0.5761164426803589,0.21194182336330414,0.21194171905517578,0.5761164426803589
20180828195000.0,2.0,0.5761165022850037,0.21194176375865936,0.2119416743516922,0.5761165022850037
20180828195100.0,2.0,0.5761163830757141,0.2119418978691101,0.21194177865982056,0.5761163830757141
20180828195200.0,2.0,0.5761165022850037,0.21194179356098175,0.21194171905517578,0.5761165022850037
20180828195300.0,2.0,0.5761163830757141,0.21194183826446533,0.21194171905517578,0.5761163830757141
20180828195400.0,2.0,0.5761166214942932,0.2119417041540146,0.211941659450531,0.5761166214942932
20180828195500.0,2.0,0.576116681098938,0.2119416892528534,0.2119416445493698,0.576116681098938
20180828195600.0,2.0,0.5761162042617798,0.21194203197956085,0.21194179356098175,0.5761162042617798
20180828195700.0,2.0,0.5761163234710693,0.2119419276714325,0.21194174885749817,0.5761163234710693
20180828195800.0,2.0,0.5761165022850037,0.21194182336330414,0.2119417041540146,0.5761165022850037
20180828195900.0,2.0,0.5761166214942932,0.21194171905517578,0.211941659450531,0.5761166214942932
20180828200000.0,2.0,0.5761165022850037,0.21194177865982056,0.211941659450531,0.5761165022850037
20180828200100.0,2.0,0.5761154294013977,0.21194246411323547,0.21194206178188324,0.5761154294013977
20180828200200.0,2.0,0.5761162638664246,0.21194200217723846,0.21194177865982056,0.5761162638664246
20180828200300.0,2.0,0.5761159062385559,0.21194225549697876,0.2119419127702713,0.5761159062385559
20180828200400.0,2.0,0.5761159062385559,0.21194221079349518,0.2119419276714325,0.5761159062385559
20180828200500.0,2.0,0.5761155486106873,0.2119423747062683,0.21194201707839966,0.5761155486106873
20180828200600.0,2.0,0.5761159658432007,0.2119421660900116,0.21194185316562653,0.5761159658432007
20180828200700.0,2.0,0.5761163830757141,0.2119418978691101,0.21194177865982056,0.5761163830757141
20180828200800.0,2.0,0.5761159062385559,0.2119421660900116,0.21194186806678772,0.5761159062385559
20180828200900.0,2.0,0.57611483335495,0.21194297075271606,0.2119421511888504,0.57611483335495
20180828201000.0,2.0,0.5761154890060425,0.21194250881671906,0.21194201707839966,0.5761154890060425
20180828201100.0,2.0,0.5761156678199768,0.21194233000278473,0.2119419425725937,0.5761156678199768
20180828201200.0,2.0,0.5761157870292664,0.21194225549697876,0.2119419425725937,0.5761157870292664
20180828201300.0,2.0,0.5761116743087769,0.21194538474082947,0.21194300055503845,0.5761116743087769
20180828201400.0,2.0,0.57611483335495,0.21194295585155487,0.2119421362876892,0.57611483335495
20180828201500.0,2.0,0.5761145353317261,0.21194319427013397,0.21194222569465637,0.5761145353317261
20180828201600.0,2.0,0.5761145949363708,0.211943119764328,0.21194231510162354,0.5761145949363708
20180828201700.0,2.0,0.5761147141456604,0.21194307506084442,0.21194222569465637,0.5761147141456604
20180828201800.0,2.0,0.57611483335495,0.21194295585155487,0.21194221079349518,0.57611483335495
20180828201900.0,2.0,0.5761152505874634,0.2119426280260086,0.21194209158420563,0.5761152505874634
20180828202000.0,2.0,0.5761157870292664,0.21194227039813995,0.2119419276714325,0.5761157870292664
20180828202100.0,2.0,0.5761143565177917,0.21194329857826233,0.21194228529930115,0.5761143565177917
20180828202200.0,2.0,0.5761153101921082,0.2119426131248474,0.21194201707839966,0.5761153101921082
20180828202300.0,2.0,0.5761010646820068,0.2119533270597458,0.21194559335708618,0.5761010646820068
20180828202400.0,2.0,0.5761145353317261,0.21194329857826233,0.21194219589233398,0.5761145353317261
20180828202500.0,2.0,0.576111376285553,0.211945578455925,0.21194301545619965,0.576111376285553
20180828202600.0,2.0,0.5761160850524902,0.21194209158420563,0.21194179356098175,0.5761160850524902
20180828202700.0,2.0,0.5761154294013977,0.21194252371788025,0.21194201707839966,0.5761154294013977
20180828202800.0,2.0,0.5761113166809082,0.21194548904895782,0.2119431495666504,0.5761113166809082
20180828202900.0,2.0,0.5761125087738037,0.21194472908973694,0.21194274723529816,0.5761125087738037
20180828203000.0,2.0,0.5761111974716187,0.21194562315940857,0.2119431048631668,0.5761111974716187
20180828203100.0,2.0,0.5761127471923828,0.21194453537464142,0.21194279193878174,0.5761127471923828
20180828203200.0,2.0,0.5761152505874634,0.2119426727294922,0.21194204688072205,0.5761152505874634
20180828203300.0,2.0,0.57610684633255,0.2119489461183548,0.21194422245025635,0.57610684633255
20180828203400.0,2.0,0.5761138200759888,0.21194376051425934,0.21194247901439667,0.5761138200759888
20180828203500.0,2.0,0.5761140584945679,0.211943581700325,0.2119423896074295,0.5761140584945679
20180828203600.0,2.0,0.5761138796806335,0.2119436115026474,0.21194252371788025,0.5761138796806335
20180828203700.0,2.0,0.5761060118675232,0.21194954216480255,0.21194444596767426,0.5761060118675232
20180828203800.0,2.0,0.5761129856109619,0.21194423735141754,0.2119428515434265,0.5761129856109619
20180828203900.0,2.0,0.5761125087738037,0.21194466948509216,0.2119428962469101,0.5761125087738037
20180828204000.0,2.0,0.5761139392852783,0.2119436115026474,0.21194243431091309,0.5761139392852783
20180828204100.0,2.0,0.5761113166809082,0.21194559335708618,0.21194304525852203,0.5761113166809082
20180828204200.0,2.0,0.5761058926582336,0.2119496911764145,0.2119443565607071,0.5761058926582336
20180828204300.0,2.0,0.5761092305183411,0.21194712817668915,0.2119436264038086,0.5761092305183411
20180828204400.0,2.0,0.576112687587738,0.21194452047348022,0.21194280683994293,0.576112687587738
20180828204500.0,2.0,0.5761155486106873,0.2119424045085907,0.21194198727607727,0.5761155486106873
20180828204600.0,2.0,0.5761048793792725,0.21195048093795776,0.211944580078125,0.5761048793792725
20180828204700.0,2.0,0.5761048793792725,0.21195043623447418,0.21194475889205933,0.5761048793792725
20180828204800.0,2.0,0.5761054158210754,0.21195004880428314,0.21194447576999664,0.5761054158210754
20180828204900.0,2.0,0.5761101245880127,0.21194659173488617,0.21194322407245636,0.5761101245880127
20180828205000.0,2.0,0.5761127471923828,0.21194450557231903,0.21194277703762054,0.5761127471923828
20180828205100.0,2.0,0.5761017799377441,0.21195293962955475,0.21194522082805634,0.5761017799377441
20180828205200.0,2.0,0.5761083960533142,0.21194790303707123,0.21194370090961456,0.5761083960533142
20180828205300.0,2.0,0.5761091113090515,0.21194736659526825,0.211943581700325,0.5761091113090515
20180828205400.0,2.0,0.5761122107505798,0.21194499731063843,0.21194277703762054,0.5761122107505798
20180828205500.0,2.0,0.5761067271232605,0.2119491696357727,0.2119441032409668,0.5761067271232605
20180828205600.0,2.0,0.5761038661003113,0.21195140480995178,0.21194469928741455,0.5761038661003113
20180828205700.0,2.0,0.5761097073554993,0.21194688975811005,0.2119433730840683,0.5761097073554993
20180828205800.0,2.0,0.5761100649833679,0.21194660663604736,0.21194331347942352,0.5761100649833679
20180828205900.0,2.0,0.5761098861694336,0.21194680035114288,0.2119433432817459,0.5761098861694336
20180828210000.0,2.0,0.5761107206344604,0.211946040391922,0.21194317936897278,0.5761107206344604
20180828210100.0,2.0,0.5760913491249084,0.21196091175079346,0.2119477540254593,0.5760913491249084
20180828210200.0,2.0,0.5761138200759888,0.2119438201189041,0.21194243431091309,0.5761138200759888
20180828210300.0,2.0,0.5761131048202515,0.21194428205490112,0.21194258332252502,0.5761131048202515
20180828210400.0,2.0,0.5761070847511292,0.21194863319396973,0.21194423735141754,0.5761070847511292
20180828210500.0,2.0,0.5761033892631531,0.21195149421691895,0.21194511651992798,0.5761033892631531
20180828210600.0,2.0,0.5761098861694336,0.21194657683372498,0.21194350719451904,0.5761098861694336
20180828210700.0,2.0,0.5761034488677979,0.21195153892040253,0.21194501221179962,0.5761034488677979
20180828210800.0,2.0,0.5761049389839172,0.21195048093795776,0.21194462478160858,0.5761049389839172
20180828210900.0,2.0,0.5760902166366577,0.21196170151233673,0.21194809675216675,0.5760902166366577
20180828211000.0,2.0,0.5761009454727173,0.21195338666439056,0.21194566786289215,0.5761009454727173
20180828211100.0,2.0,0.5760992765426636,0.2119547575712204,0.21194593608379364,0.5760992765426636
20180828211200.0,2.0,0.5760148167610168,0.21202027797698975,0.2119649201631546,0.5760148167610168
20180828211300.0,2.0,0.5760935544967651,0.2119588851928711,0.21194754540920258,0.5760935544967651
20180828211400.0,2.0,0.5761005282402039,0.21195386350154877,0.21194563806056976,0.5761005282402039
20180828211500.0,2.0,0.5760038495063782,0.21202823519706726,0.21196790039539337,0.5760038495063782
20180828211600.0,2.0,0.5760530829429626,0.21198976039886475,0.211957186460495,0.5760530829429626
20180828211700.0,2.0,0.5760998725891113,0.21195392310619354,0.21194623410701752,0.5760998725891113
20180828211800.0,2.0,0.5760778188705444,0.21197114884853363,0.21195098757743835,0.5760778188705444
20180828211900.0,2.0,0.5760995745658875,0.21195432543754578,0.21194607019424438,0.5760995745658875
20180828212000.0,2.0,0.5760504603385925,0.21199236810207367,0.2119572013616562,0.5760504603385925
20180828212100.0,2.0,0.5759599804878235,0.2120615541934967,0.2119785100221634,0.5759599804878235
20180828212200.0,2.0,0.5760346055030823,0.21200409531593323,0.2119613140821457,0.5760346055030823
20180828212300.0,2.0,0.5760387778282166,0.21200135350227356,0.2119598537683487,0.5760387778282166
20180828212400.0,2.0,0.5761007070541382,0.21195310354232788,0.21194612979888916,0.5761007070541382
20180828212500.0,2.0,0.5760735273361206,0.21197448670864105,0.21195200085639954,0.5760735273361206
20180828212600.0,2.0,0.5760335326194763,0.21200546622276306,0.2119610458612442,0.5760335326194763
20180828212700.0,2.0,0.5759422779083252,0.21207565069198608,0.21198204159736633,0.5759422779083252
20180828212800.0,2.0,0.5759498476982117,0.21207018196582794,0.211979940533638,0.5759498476982117
20180828212900.0,2.0,0.5760434865951538,0.21199819445610046,0.21195830404758453,0.5760434865951538
20180828213000.0,2.0,0.5759614706039429,0.21206031739711761,0.21197819709777832,0.5759614706039429
20180828213100.0,2.0,0.5757951140403748,0.2121894806623459,0.21201540529727936,0.5757951140403748
20180828213200.0,2.0,0.5760562419891357,0.2119876742362976,0.21195611357688904,0.5760562419891357
20180828213300.0,2.0,0.5759045481681824,0.21210522949695587,0.21199028193950653,0.5759045481681824
20180828213400.0,2.0,0.5760068893432617,0.21202555298805237,0.2119675874710083,0.5760068893432617
20180828213500.0,2.0,0.5760639309883118,0.21198153495788574,0.21195454895496368,0.5760639309883118
20180828213600.0,2.0,0.5760653018951416,0.21198074519634247,0.21195386350154877,0.5760653018951416
20180828213700.0,2.0,0.5760831832885742,0.21196721494197845,0.21194954216480255,0.5760831832885742
20180828213800.0,2.0,0.576080322265625,0.21196946501731873,0.21195021271705627,0.576080322265625
20180828213900.0,2.0,0.5759771466255188,0.21204763650894165,0.21197523176670074,0.5759771466255188
20180828214000.0,2.0,0.5760854482650757,0.21196553111076355,0.21194909512996674,0.5760854482650757
20180828214100.0,2.0,0.5760824084281921,0.21196702122688293,0.21195052564144135,0.5760824084281921
20180828214200.0,2.0,0.5760229229927063,0.21201364696025848,0.21196340024471283,0.5760229229927063
20180828214300.0,2.0,0.576089084148407,0.21196261048316956,0.21194833517074585,0.576089084148407
20180828214400.0,2.0,0.5760355591773987,0.21200354397296906,0.21196085214614868,0.5760355591773987
20180828214500.0,2.0,0.5759767293930054,0.2120497226715088,0.21197351813316345,0.5759767293930054
20180828214600.0,2.0,0.5760550498962402,0.2119888961315155,0.21195609867572784,0.5760550498962402
20180828214700.0,2.0,0.5760596394538879,0.2119850069284439,0.21195535361766815,0.5760596394538879
20180828214800.0,2.0,0.5757062435150146,0.2122592180967331,0.21203450858592987,0.5757062435150146
20180828214900.0,2.0,0.5758383274078369,0.21215716004371643,0.21200452744960785,0.5758383274078369
20180828215000.0,2.0,0.5759738087654114,0.21205146610736847,0.21197474002838135,0.5759738087654114
20180828215100.0,2.0,0.575569748878479,0.21236832439899445,0.21206189692020416,0.575569748878479
20180828215200.0,2.0,0.575588583946228,0.21235336363315582,0.21205803751945496,0.575588583946228
20180828215300.0,2.0,0.5749849081039429,0.21282555162906647,0.2121894657611847,0.5749849081039429
20180828215400.0,2.0,0.5757564306259155,0.21222005784511566,0.2120235115289688,0.5757564306259155
20180828215500.0,2.0,0.5756917595863342,0.21227037906646729,0.21203792095184326,0.5756917595863342
20180828215600.0,2.0,0.5759937167167664,0.21203532814979553,0.2119709998369217,0.5759937167167664
20180828215700.0,2.0,0.57598876953125,0.21203993260860443,0.21197129786014557,0.57598876953125
20180828215800.0,2.0,0.5758848190307617,0.21212077140808105,0.21199437975883484,0.5758848190307617
20180828215900.0,2.0,0.5758745670318604,0.21212798357009888,0.21199746429920197,0.5758745670318604
20180828220000.0,2.0,0.5759932398796082,0.21203480660915375,0.21197198331356049,0.5759932398796082
20180828220100.0,2.0,0.5760708451271057,0.21197529137134552,0.21195384860038757,0.5760708451271057
20180828220200.0,2.0,0.5760326981544495,0.2120053917169571,0.21196191012859344,0.5760326981544495
20180828220300.0,2.0,0.5760167241096497,0.2120172530412674,0.21196600794792175,0.5760167241096497
20180828220400.0,2.0,0.5758364796638489,0.21215614676475525,0.2120073437690735,0.5758364796638489
20180828220500.0,2.0,0.5760279893875122,0.21200880408287048,0.21196319162845612,0.5760279893875122
20180828220600.0,2.0,0.5760295987129211,0.2120061069726944,0.21196429431438446,0.5760295987129211
20180828220700.0,2.0,0.5760645270347595,0.21198058128356934,0.21195489168167114,0.5760645270347595
20180828220800.0,2.0,0.5760127305984497,0.21201960742473602,0.2119676172733307,0.5760127305984497
20180828220900.0,2.0,0.5757829546928406,0.2121969610452652,0.21202009916305542,0.5757829546928406
20180828221000.0,2.0,0.5760956406593323,0.21195660531520844,0.21194781363010406,0.5760956406593323
20180828221100.0,2.0,0.5760988593101501,0.21195420622825623,0.21194693446159363,0.5760988593101501
20180828221200.0,2.0,0.5760974287986755,0.2119549810886383,0.21194756031036377,0.5760974287986755
20180828221300.0,2.0,0.5760364532470703,0.2120014876127243,0.2119620442390442,0.5760364532470703
20180828221400.0,2.0,0.576065182685852,0.21198046207427979,0.21195434033870697,0.576065182685852
20180828221500.0,2.0,0.5760747790336609,0.21197158098220825,0.21195361018180847,0.5760747790336609
20180828221600.0,2.0,0.5761097073554993,0.21194642782211304,0.2119438499212265,0.5761097073554993
20180828221700.0,2.0,0.5761008262634277,0.21195226907730103,0.21194691956043243,0.5761008262634277
20180828221800.0,2.0,0.5761071443557739,0.21194830536842346,0.2119445651769638,0.5761071443557739
20180828221900.0,2.0,0.5761075019836426,0.21194782853126526,0.21194466948509216,0.5761075019836426
20180828222000.0,2.0,0.576103687286377,0.21195046603679657,0.21194584667682648,0.576103687286377
20180828222100.0,2.0,0.5761123299598694,0.21194446086883545,0.21194317936897278,0.5761123299598694
20180828222200.0,2.0,0.576113224029541,0.21194380521774292,0.21194292604923248,0.576113224029541
20180828222300.0,2.0,0.5761146545410156,0.2119428515434265,0.21194247901439667,0.5761146545410156
20180828222400.0,2.0,0.5761141777038574,0.21194329857826233,0.21194259822368622,0.5761141777038574
20180828222500.0,2.0,0.5761133432388306,0.21194365620613098,0.21194294095039368,0.5761133432388306
20180828222600.0,2.0,0.5761139392852783,0.2119433432817459,0.21194268763065338,0.5761139392852783
20180828222700.0,2.0,0.5761156678199768,0.21194230020046234,0.21194204688072205,0.5761156678199768
20180828222800.0,2.0,0.576115071773529,0.21194258332252502,0.21194230020046234,0.576115071773529
20180828222900.0,2.0,0.5761073231697083,0.2119479477405548,0.21194474399089813,0.5761073231697083
20180828223000.0,2.0,0.5761149525642395,0.21194271743297577,0.21194235980510712,0.5761149525642395
20180828223100.0,2.0,0.5761159062385559,0.21194210648536682,0.21194197237491608,0.5761159062385559
20180828223200.0,2.0,0.5761157870292664,0.2119421511888504,0.21194204688072205,0.5761157870292664
20180828223300.0,2.0,0.5761156678199768,0.21194221079349518,0.21194212138652802,0.5761156678199768
20180828223400.0,2.0,0.5761147141456604,0.21194253861904144,0.21194271743297577,0.5761147141456604
20180828223500.0,2.0,0.5761157274246216,0.2119421511888504,0.21194209158420563,0.5761157274246216
20180828223600.0,2.0,0.5761151909828186,0.2119424045085907,0.21194243431091309,0.5761151909828186
20180828223700.0,2.0,0.5761159062385559,0.21194209158420563,0.21194197237491608,0.5761159062385559
20180828223800.0,2.0,0.5761155486106873,0.21194222569465637,0.2119421660900116,0.5761155486106873
20180828223900.0,2.0,0.5761162042617798,0.2119419276714325,0.2119418978691101,0.5761162042617798
20180828224000.0,2.0,0.5761160254478455,0.21194200217723846,0.21194200217723846,0.5761160254478455
20180828224100.0,2.0,0.5761156678199768,0.21194219589233398,0.21194207668304443,0.5761156678199768
20180828224200.0,2.0,0.5761163234710693,0.21194185316562653,0.21194183826446533,0.5761163234710693
